EP, 97, 2026071712,   , CHP6, 0,  93N, 1033W,  20, 1009, DB,   0, , 0, 0, 0, 0, 0, 0, 0, 0, 0, 0, 0, , 0, 0, INVEST,
EP, 97, 2026071718,   , CHP6, 0,  97N, 1042W,  20, 1009, DB,   0, , 0, 0, 0, 0, 0, 0, 0, 0, 0, 0, 0, , 0, 0, INVEST,
EP, 97, 2026071800,   , CHP6, 0, 100N, 1049W,  20, 1009, DB,   0, , 0, 0, 0, 0, 0, 0, 0, 0, 0, 0, 0, , 0, 0, INVEST,
EP, 97, 2026071806,   , CHP6, 0, 102N, 1056W,  20, 1009, DB,   0, , 0, 0, 0, 0, 0, 0, 0, 0, 0, 0, 0, , 0, 0, INVEST,
EP, 97, 2026071812,   , CHP6, 0, 105N, 1064W,  20, 1009, DB,   0, , 0, 0, 0, 0, 0, 0, 0, 0, 0, 0, 0, , 0, 0, INVEST,
EP, 97, 2026071818,   , CHP6, 0, 108N, 1075W,  20, 1008, DB,   0, , 0, 0, 0, 0, 0, 0, 0, 0, 0, 0, 0, , 0, 0, INVEST,
EP, 06, 2026071900,   , CHP6, 0, 112N, 1087W,  30, 1008, TD,   0, , 0, 0, 0, 0, 0, 0, 0, 0, 0, 0, 0, , 0, 0, SIX,
EP, 06, 2026071906,   , CHP6, 0, 117N, 1100W,  30, 1007, TD,   0, , 0, 0, 0, 0, 0, 0, 0, 0, 0, 0, 0, , 0, 0, SIX,
EP, 06, 2026071912,   , CHP6, 0, 120N, 1109W,  35, 1006, TS,   0, , 0, 0, 0, 0, 0, 0, 0, 0, 0, 0, 0, , 0, 0, FAUSTO,
EP, 06, 2026071918,   , CHP6, 0, 122N, 1121W,  40, 1005, TS,   0, , 0, 0, 0, 0, 0, 0, 0, 0, 0, 0, 0, , 0, 0, FAUSTO,
EP, 06, 2026072000,   , CHP6, 0, 125N, 1136W,  45, 1002, TS,   0, , 0, 0, 0, 0, 0, 0, 0, 0, 0, 0, 0, , 0, 0, FAUSTO,
EP, 06, 2026072006,   , CHP6, 0, 128N, 1149W,  52,  993, TS,   0, , 0, 0, 0, 0, 0, 0, 0, 0, 0, 0, 0, , 0, 0, FAUSTO,
EP, 06, 2026072012,   , CHP6, 0, 133N, 1161W,  67,  985, HU,   0, , 0, 0, 0, 0, 0, 0, 0, 0, 0, 0, 0, , 0, 0, FAUSTO,
EP, 06, 2026072018,   , CHP6, 0, 138N, 1169W,  90,  968, HU,   0, , 0, 0, 0, 0, 0, 0, 0, 0, 0, 0, 0, , 0, 0, FAUSTO,
EP, 06, 2026072100,   , CHP6, 0, 144N, 1177W, 113,  947, HU,   0, , 0, 0, 0, 0, 0, 0, 0, 0, 0, 0, 0, , 0, 0, FAUSTO,
EP, 06, 2026072106,   , CHP6, 0, 149N, 1185W, 137,  920, HU,   0, , 0, 0, 0, 0, 0, 0, 0, 0, 0, 0, 0, , 0, 0, FAUSTO,
EP, 06, 2026072112,   , CHP6, 0, 153N, 1193W, 144,  910, HU,   0, , 0, 0, 0, 0, 0, 0, 0, 0, 0, 0, 0, , 0, 0, FAUSTO,
EP, 06, 2026072118,   , CHP6, 0, 158N, 1201W, 141,  915, HU,   0, , 0, 0, 0, 0, 0, 0, 0, 0, 0, 0, 0, , 0, 0, FAUSTO,
EP, 06, 2026072200,   , CHP6, 0, 161N, 1208W, 132,  927, HU,   0, , 0, 0, 0, 0, 0, 0, 0, 0, 0, 0, 0, , 0, 0, FAUSTO,
EP, 06, 2026072206,   , CHP6, 0, 163N, 1215W, 123,  938, HU,   0, , 0, 0, 0, 0, 0, 0, 0, 0, 0, 0, 0, , 0, 0, FAUSTO,
EP, 06, 2026072212,   , CHP6, 0, 165N, 1224W, 120,  942, HU,   0, , 0, 0, 0, 0, 0, 0, 0, 0, 0, 0, 0, , 0, 0, FAUSTO,
EP, 06, 2026072218,   , CHP6, 0, 167N, 1234W, 105,  954, HU,   0, , 0, 0, 0, 0, 0, 0, 0, 0, 0, 0, 0, , 0, 0, FAUSTO,
EP, 06, 2026072300,   , CHP6, 0, 169N, 1243W,  84,  972, HU,   0, , 0, 0, 0, 0, 0, 0, 0, 0, 0, 0, 0, , 0, 0, FAUSTO,
EP, 06, 2026072306,   , CHP6, 0, 171N, 1252W,  73,  977, HU,   0, , 0, 0, 0, 0, 0, 0, 0, 0, 0, 0, 0, , 0, 0, FAUSTO,
EP, 06, 2026072312,   , CHP6, 0, 173N, 1264W,  69,  981, HU,   0, , 0, 0, 0, 0, 0, 0, 0, 0, 0, 0, 0, , 0, 0, FAUSTO,
EP, 06, 2026072318,   , CHP6, 0, 175N, 1277W,  67,  982, HU,   0, , 0, 0, 0, 0, 0, 0, 0, 0, 0, 0, 0, , 0, 0, FAUSTO,
EP, 06, 2026072400,   , CHP6, 0, 177N, 1289W,  63,  985, TS,   0, , 0, 0, 0, 0, 0, 0, 0, 0, 0, 0, 0, , 0, 0, FAUSTO,
EP, 06, 2026072406,   , CHP6, 0, 179N, 1301W,  62,  986, TS,   0, , 0, 0, 0, 0, 0, 0, 0, 0, 0, 0, 0, , 0, 0, FAUSTO,
EP, 06, 2026072412,   , CHP6, 0, 180N, 1315W,  63,  985, TS,   0, , 0, 0, 0, 0, 0, 0, 0, 0, 0, 0, 0, , 0, 0, FAUSTO,
EP, 06, 2026072418,   , CHP6, 0, 182N, 1328W,  58,  988, TS,   0, , 0, 0, 0, 0, 0, 0, 0, 0, 0, 0, 0, , 0, 0, FAUSTO,
EP, 06, 2026072500,   , CHP6, 0, 184N, 1340W,  55,  990, TS,   0, , 0, 0, 0, 0, 0, 0, 0, 0, 0, 0, 0, , 0, 0, FAUSTO,
EP, 06, 2026072506,   , CHP6, 0, 187N, 1350W,  51,  992, TS,   0, , 0, 0, 0, 0, 0, 0, 0, 0, 0, 0, 0, , 0, 0, FAUSTO,
EP, 06, 2026072512,   , CHP6, 0, 189N, 1360W,  56,  989, TS,   0, , 0, 0, 0, 0, 0, 0, 0, 0, 0, 0, 0, , 0, 0, FAUSTO,
EP, 06, 2026072518,   , CHP6, 0, 191N, 1370W,  48,  992, TS,   0, , 0, 0, 0, 0, 0, 0, 0, 0, 0, 0, 0, , 0, 0, FAUSTO,
EP, 06, 2026072600,   , CHP6, 0, 192N, 1380W,  42,  995, TS,   0, , 0, 0, 0, 0, 0, 0, 0, 0, 0, 0, 0, , 0, 0, FAUSTO,
EP, 06, 2026072606,   , CHP6, 0, 194N, 1392W,  41,  997, TS,   0, , 0, 0, 0, 0, 0, 0, 0, 0, 0, 0, 0, , 0, 0, FAUSTO,
EP, 06, 2026072612,   , CHP6, 0, 196N, 1405W,  43,  997, TS,   0, , 0, 0, 0, 0, 0, 0, 0, 0, 0, 0, 0, , 0, 0, FAUSTO,
EP, 06, 2026072618,   , CHP6, 0, 198N, 1417W,  43,  997, TS,   0, , 0, 0, 0, 0, 0, 0, 0, 0, 0, 0, 0, , 0, 0, FAUSTO,
EP, 06, 2026072700,   , CHP6, 0, 200N, 1431W,  51,  992, TS,   0, , 0, 0, 0, 0, 0, 0, 0, 0, 0, 0, 0, , 0, 0, FAUSTO,
EP, 06, 2026072706,   , CHP6, 0, 202N, 1444W,  50,  993, TS,   0, , 0, 0, 0, 0, 0, 0, 0, 0, 0, 0, 0, , 0, 0, FAUSTO,
EP, 06, 2026072712,   , CHP6, 0, 204N, 1457W,  48,  994, TS,   0, , 0, 0, 0, 0, 0, 0, 0, 0, 0, 0, 0, , 0, 0, FAUSTO,
EP, 06, 2026072718,   , CHP6, 0, 207N, 1471W,  47,  994, TS,   0, , 0, 0, 0, 0, 0, 0, 0, 0, 0, 0, 0, , 0, 0, FAUSTO,
EP, 06, 2026072800,   , CHP6, 0, 210N, 1484W,  47,  995, TS,   0, , 0, 0, 0, 0, 0, 0, 0, 0, 0, 0, 0, , 0, 0, FAUSTO,
EP, 06, 2026072806,   , CHP6, 0, 213N, 1498W,  48,  995, TS,   0, , 0, 0, 0, 0, 0, 0, 0, 0, 0, 0, 0, , 0, 0, FAUSTO,
EP, 06, 2026072812,   , CHP6, 0, 215N, 1510W,  51,  995, TS,   0, , 0, 0, 0, 0, 0, 0, 0, 0, 0, 0, 0, , 0, 0, FAUSTO,
EP, 06, 2026072818,   , CHP6, 0, 218N, 1523W,  51,  995, TS,   0, , 0, 0, 0, 0, 0, 0, 0, 0, 0, 0, 0, , 0, 0, FAUSTO,
EP, 06, 2026072900,   , CHP6, 0, 221N, 1535W,  50,  995, TS,   0, , 0, 0, 0, 0, 0, 0, 0, 0, 0, 0, 0, , 0, 0, FAUSTO,
EP, 06, 2026072906,   , CHP6, 0, 223N, 1546W,  50,  995, TS,   0, , 0, 0, 0, 0, 0, 0, 0, 0, 0, 0, 0, , 0, 0, FAUSTO,
EP, 06, 2026072912,   , CHP6, 0, 226N, 1558W,  49,  996, TS,   0, , 0, 0, 0, 0, 0, 0, 0, 0, 0, 0, 0, , 0, 0, FAUSTO,
EP, 06, 2026072918,   , CHP6, 0, 229N, 1570W,  48,  996, TS,   0, , 0, 0, 0, 0, 0, 0, 0, 0, 0, 0, 0, , 0, 0, FAUSTO,
EP, 06, 2026073000,   , CHP6, 0, 232N, 1582W,  47,  996, TS,   0, , 0, 0, 0, 0, 0, 0, 0, 0, 0, 0, 0, , 0, 0, FAUSTO,
EP, 06, 2026073006,   , CHP6, 0, 235N, 1593W,  46,  997, TS,   0, , 0, 0, 0, 0, 0, 0, 0, 0, 0, 0, 0, , 0, 0, FAUSTO,
EP, 06, 2026073012,   , CHP6, 0, 239N, 1605W,  42,  997, TS,   0, , 0, 0, 0, 0, 0, 0, 0, 0, 0, 0, 0, , 0, 0, FAUSTO,
EP, 06, 2026073018,   , CHP6, 0, 242N, 1617W,  40,  997, TS,   0, , 0, 0, 0, 0, 0, 0, 0, 0, 0, 0, 0, , 0, 0, FAUSTO,
EP, 06, 2026073100,   , CHP6, 0, 245N, 1628W,  40,  997, TS,   0, , 0, 0, 0, 0, 0, 0, 0, 0, 0, 0, 0, , 0, 0, FAUSTO,
EP, 06, 2026073106,   , CHP6, 0, 249N, 1640W,  40,  998, TS,   0, , 0, 0, 0, 0, 0, 0, 0, 0, 0, 0, 0, , 0, 0, FAUSTO,
EP, 06, 2026073112,   , CHP6, 0, 252N, 1651W,  49,  998, TS,   0, , 0, 0, 0, 0, 0, 0, 0, 0, 0, 0, 0, , 0, 0, FAUSTO,
EP, 06, 2026073118,   , CHP6, 0, 256N, 1662W,  39,  998, TS,   0, , 0, 0, 0, 0, 0, 0, 0, 0, 0, 0, 0, , 0, 0, FAUSTO,
EP, 06, 2026080100,   , CHP6, 0, 260N, 1674W,  34,  998, TS,   0, , 0, 0, 0, 0, 0, 0, 0, 0, 0, 0, 0, , 0, 0, FAUSTO,
EP, 06, 2026080106,   , CHP6, 0, 265N, 1687W,  26,  998, TD,   0, , 0, 0, 0, 0, 0, 0, 0, 0, 0, 0, 0, , 0, 0, FAUSTO,
EP, 06, 2026080112,   , CHP6, 0, 270N, 1700W,  22,  999, DB,   0, , 0, 0, 0, 0, 0, 0, 0, 0, 0, 0, 0, , 0, 0, FAUSTO,
EP, 06, 2026080118,   , CHP6, 0, 276N, 1714W,  19,  999, DB,   0, , 0, 0, 0, 0, 0, 0, 0, 0, 0, 0, 0, , 0, 0, FAUSTO,


