EP, 98, 2026091818,   , CHP6, 0, 114N, 1179W,  20, 1009, DB,   0, , 0, 0, 0, 0, 0, 0, 0, 0, 0, 0, 0, , 0, 0, INVEST,
EP, 98, 2026091900,   , CHP6, 0, 114N, 1191W,  20, 1009, DB,   0, , 0, 0, 0, 0, 0, 0, 0, 0, 0, 0, 0, , 0, 0, INVEST,
EP, 16, 2026091906,   , CHP6, 0, 114N, 1203W,  25, 1009, TD,   0, , 0, 0, 0, 0, 0, 0, 0, 0, 0, 0, 0, , 0, 0, SIXTEEN,
EP, 16, 2026091912,   , CHP6, 0, 113N, 1214W,  25, 1008, TD,   0, , 0, 0, 0, 0, 0, 0, 0, 0, 0, 0, 0, , 0, 0, SIXTEEN,
EP, 16, 2026091918,   , CHP6, 0, 112N, 1225W,  25, 1008, TD,   0, , 0, 0, 0, 0, 0, 0, 0, 0, 0, 0, 0, , 0, 0, SIXTEEN,
EP, 16, 2026092000,   , CHP6, 0, 112N, 1234W,  30, 1008, TD,   0, , 0, 0, 0, 0, 0, 0, 0, 0, 0, 0, 0, , 0, 0, SIXTEEN,
EP, 16, 2026092006,   , CHP6, 0, 113N, 1243W,  40, 1005, TS,   0, , 0, 0, 0, 0, 0, 0, 0, 0, 0, 0, 0, , 0, 0, SIXTEEN,
EP, 16, 2026092012,   , CHP6, 0, 114N, 1252W,  56,  993, TS,   0, , 0, 0, 0, 0, 0, 0, 0, 0, 0, 0, 0, , 0, 0, ODALYS,
EP, 16, 2026092018,   , CHP6, 0, 116N, 1259W,  75,  979, HU,   0, , 0, 0, 0, 0, 0, 0, 0, 0, 0, 0, 0, , 0, 0, ODALYS,
EP, 16, 2026092100,   , CHP6, 0, 121N, 1266W, 102,  957, HU,   0, , 0, 0, 0, 0, 0, 0, 0, 0, 0, 0, 0, , 0, 0, ODALYS,
EP, 16, 2026092106,   , CHP6, 0, 127N, 1272W, 124,  932, HU,   0, , 0, 0, 0, 0, 0, 0, 0, 0, 0, 0, 0, , 0, 0, ODALYS,
EP, 16, 2026092112,   , CHP6, 0, 133N, 1279W,  94,  956, HU,   0, , 0, 0, 0, 0, 0, 0, 0, 0, 0, 0, 0, , 0, 0, ODALYS,
EP, 16, 2026092118,   , CHP6, 0, 137N, 1283W, 100,  957, HU,   0, , 0, 0, 0, 0, 0, 0, 0, 0, 0, 0, 0, , 0, 0, ODALYS,
EP, 16, 2026092200,   , CHP6, 0, 141N, 1288W, 124,  931, HU,   0, , 0, 0, 0, 0, 0, 0, 0, 0, 0, 0, 0, , 0, 0, ODALYS,
EP, 16, 2026092206,   , CHP6, 0, 143N, 1289W, 105,  953, HU,   0, , 0, 0, 0, 0, 0, 0, 0, 0, 0, 0, 0, , 0, 0, ODALYS,
EP, 16, 2026092212,   , CHP6, 0, 145N, 1289W, 102,  953, HU,   0, , 0, 0, 0, 0, 0, 0, 0, 0, 0, 0, 0, , 0, 0, ODALYS,
EP, 16, 2026092218,   , CHP6, 0, 146N, 1287W, 105,  949, HU,   0, , 0, 0, 0, 0, 0, 0, 0, 0, 0, 0, 0, , 0, 0, ODALYS,
EP, 16, 2026092300,   , CHP6, 0, 147N, 1284W, 112,  946, HU,   0, , 0, 0, 0, 0, 0, 0, 0, 0, 0, 0, 0, , 0, 0, ODALYS,
EP, 16, 2026092306,   , CHP6, 0, 149N, 1282W, 121,  935, HU,   0, , 0, 0, 0, 0, 0, 0, 0, 0, 0, 0, 0, , 0, 0, ODALYS,
EP, 16, 2026092312,   , CHP6, 0, 152N, 1280W, 119,  937, HU,   0, , 0, 0, 0, 0, 0, 0, 0, 0, 0, 0, 0, , 0, 0, ODALYS,
EP, 16, 2026092318,   , CHP6, 0, 155N, 1277W, 127,  927, HU,   0, , 0, 0, 0, 0, 0, 0, 0, 0, 0, 0, 0, , 0, 0, ODALYS,
EP, 16, 2026092400,   , CHP6, 0, 157N, 1273W, 133,  922, HU,   0, , 0, 0, 0, 0, 0, 0, 0, 0, 0, 0, 0, , 0, 0, ODALYS,
EP, 16, 2026092406,   , CHP6, 0, 159N, 1268W, 131,  924, HU,   0, , 0, 0, 0, 0, 0, 0, 0, 0, 0, 0, 0, , 0, 0, ODALYS,
EP, 16, 2026092412,   , CHP6, 0, 161N, 1262W, 122,  932, HU,   0, , 0, 0, 0, 0, 0, 0, 0, 0, 0, 0, 0, , 0, 0, ODALYS,
EP, 16, 2026092418,   , CHP6, 0, 164N, 1256W, 121,  934, HU,   0, , 0, 0, 0, 0, 0, 0, 0, 0, 0, 0, 0, , 0, 0, ODALYS,
EP, 16, 2026092500,   , CHP6, 0, 167N, 1251W, 118,  937, HU,   0, , 0, 0, 0, 0, 0, 0, 0, 0, 0, 0, 0, , 0, 0, ODALYS,
EP, 16, 2026092506,   , CHP6, 0, 170N, 1247W, 113,  946, HU,   0, , 0, 0, 0, 0, 0, 0, 0, 0, 0, 0, 0, , 0, 0, ODALYS,
EP, 16, 2026092512,   , CHP6, 0, 173N, 1244W, 107,  949, HU,   0, , 0, 0, 0, 0, 0, 0, 0, 0, 0, 0, 0, , 0, 0, ODALYS,
EP, 16, 2026092518,   , CHP6, 0, 176N, 1242W,  97,  966, HU,   0, , 0, 0, 0, 0, 0, 0, 0, 0, 0, 0, 0, , 0, 0, ODALYS,
EP, 16, 2026092600,   , CHP6, 0, 179N, 1240W,  94,  961, HU,   0, , 0, 0, 0, 0, 0, 0, 0, 0, 0, 0, 0, , 0, 0, ODALYS,
EP, 16, 2026092606,   , CHP6, 0, 183N, 1238W,  89,  965, HU,   0, , 0, 0, 0, 0, 0, 0, 0, 0, 0, 0, 0, , 0, 0, ODALYS,
EP, 16, 2026092612,   , CHP6, 0, 187N, 1237W,  78,  973, HU,   0, , 0, 0, 0, 0, 0, 0, 0, 0, 0, 0, 0, , 0, 0, ODALYS,
EP, 16, 2026092618,   , CHP6, 0, 191N, 1236W,  68,  982, HU,   0, , 0, 0, 0, 0, 0, 0, 0, 0, 0, 0, 0, , 0, 0, ODALYS,
EP, 16, 2026092700,   , CHP6, 0, 195N, 1235W,  66,  979, HU,   0, , 0, 0, 0, 0, 0, 0, 0, 0, 0, 0, 0, , 0, 0, ODALYS,
EP, 16, 2026092706,   , CHP6, 0, 199N, 1234W,  66,  981, HU,   0, , 0, 0, 0, 0, 0, 0, 0, 0, 0, 0, 0, , 0, 0, ODALYS,
EP, 16, 2026092712,   , CHP6, 0, 204N, 1233W,  59,  984, TS,   0, , 0, 0, 0, 0, 0, 0, 0, 0, 0, 0, 0, , 0, 0, ODALYS,
EP, 16, 2026092718,   , CHP6, 0, 209N, 1232W,  54,  988, TS,   0, , 0, 0, 0, 0, 0, 0, 0, 0, 0, 0, 0, , 0, 0, ODALYS,
EP, 16, 2026092800,   , CHP6, 0, 214N, 1231W,  49,  992, TS,   0, , 0, 0, 0, 0, 0, 0, 0, 0, 0, 0, 0, , 0, 0, ODALYS,
EP, 16, 2026092806,   , CHP6, 0, 218N, 1229W,  45,  994, TS,   0, , 0, 0, 0, 0, 0, 0, 0, 0, 0, 0, 0, , 0, 0, ODALYS,
EP, 16, 2026092812,   , CHP6, 0, 219N, 1227W,  42,  995, TS,   0, , 0, 0, 0, 0, 0, 0, 0, 0, 0, 0, 0, , 0, 0, ODALYS,
EP, 16, 2026092818,   , CHP6, 0, 219N, 1224W,  39,  996, TS,   0, , 0, 0, 0, 0, 0, 0, 0, 0, 0, 0, 0, , 0, 0, ODALYS,
EP, 16, 2026092900,   , CHP6, 0, 216N, 1221W,  37,  997, TS,   0, , 0, 0, 0, 0, 0, 0, 0, 0, 0, 0, 0, , 0, 0, ODALYS,
EP, 16, 2026092906,   , CHP6, 0, 212N, 1217W,  36,  997, TS,   0, , 0, 0, 0, 0, 0, 0, 0, 0, 0, 0, 0, , 0, 0, ODALYS,
EP, 16, 2026092912,   , CHP6, 0, 209N, 1214W,  35,  997, TS,   0, , 0, 0, 0, 0, 0, 0, 0, 0, 0, 0, 0, , 0, 0, ODALYS,
EP, 16, 2026092918,   , CHP6, 0, 205N, 1210W,  36,  997, TS,   0, , 0, 0, 0, 0, 0, 0, 0, 0, 0, 0, 0, , 0, 0, ODALYS,
EP, 16, 2026093000,   , CHP6, 0, 199N, 1207W,  36,  997, TS,   0, , 0, 0, 0, 0, 0, 0, 0, 0, 0, 0, 0, , 0, 0, ODALYS,
EP, 16, 2026093006,   , CHP6, 0, 194N, 1203W,  37,  997, TS,   0, , 0, 0, 0, 0, 0, 0, 0, 0, 0, 0, 0, , 0, 0, ODALYS,
EP, 16, 2026093012,   , CHP6, 0, 188N, 1200W,  38,  997, TS,   0, , 0, 0, 0, 0, 0, 0, 0, 0, 0, 0, 0, , 0, 0, ODALYS,
EP, 16, 2026093018,   , CHP6, 0, 183N, 1196W,  39,  996, TS,   0, , 0, 0, 0, 0, 0, 0, 0, 0, 0, 0, 0, , 0, 0, ODALYS,
EP, 16, 2026100100,   , CHP6, 0, 177N, 1193W,  41,  996, TS,   0, , 0, 0, 0, 0, 0, 0, 0, 0, 0, 0, 0, , 0, 0, ODALYS,
EP, 16, 2026100106,   , CHP6, 0, 172N, 1190W,  43,  995, TS,   0, , 0, 0, 0, 0, 0, 0, 0, 0, 0, 0, 0, , 0, 0, ODALYS,
EP, 16, 2026100112,   , CHP6, 0, 166N, 1187W,  46,  994, TS,   0, , 0, 0, 0, 0, 0, 0, 0, 0, 0, 0, 0, , 0, 0, ODALYS,
EP, 16, 2026100118,   , CHP6, 0, 162N, 1186W,  50,  992, TS,   0, , 0, 0, 0, 0, 0, 0, 0, 0, 0, 0, 0, , 0, 0, ODALYS,
EP, 16, 2026100200,   , CHP6, 0, 159N, 1185W,  50,  992, TS,   0, , 0, 0, 0, 0, 0, 0, 0, 0, 0, 0, 0, , 0, 0, ODALYS,
EP, 16, 2026100206,   , CHP6, 0, 157N, 1186W,  40,  995, TS,   0, , 0, 0, 0, 0, 0, 0, 0, 0, 0, 0, 0, , 0, 0, ODALYS,
EP, 16, 2026100212,   , CHP6, 0, 155N, 1188W,  30,  997, TD,   0, , 0, 0, 0, 0, 0, 0, 0, 0, 0, 0, 0, , 0, 0, ODALYS,
EP, 16, 2026100218,   , CHP6, 0, 154N, 1192W,  20,  998, DB,   0, , 0, 0, 0, 0, 0, 0, 0, 0, 0, 0, 0, , 0, 0, ODALYS,
EP, 16, 2026100300,   , CHP6, 0, 155N, 1197W,  20,  999, DB,   0, , 0, 0, 0, 0, 0, 0, 0, 0, 0, 0, 0, , 0, 0, ODALYS,
