EP, 99, 2026091918,   , CHP6, 0, 118N, 1062W,  20, 1008, DB,   0, , 0, 0, 0, 0, 0, 0, 0, 0, 0, 0, 0, , 0, 0, INVEST,
EP, 99, 2026092000,   , CHP6, 0, 126N, 1061W,  20, 1007, DB,   0, , 0, 0, 0, 0, 0, 0, 0, 0, 0, 0, 0, , 0, 0, INVEST,
EP, 17, 2026092006,   , CHP6, 0, 134N, 1058W,  25, 1007, TD,   0, , 0, 0, 0, 0, 0, 0, 0, 0, 0, 0, 0, , 0, 0, SEVENTEEN,
EP, 17, 2026092012,   , CHP6, 0, 140N, 1055W,  25, 1007, TD,   0, , 0, 0, 0, 0, 0, 0, 0, 0, 0, 0, 0, , 0, 0, SEVENTEEN,
EP, 17, 2026092018,   , CHP6, 0, 145N, 1051W,  30, 1007, TD,   0, , 0, 0, 0, 0, 0, 0, 0, 0, 0, 0, 0, , 0, 0, SEVENTEEN,
EP, 17, 2026092100,   , CHP6, 0, 149N, 1046W,  40, 1004, TS,   0, , 0, 0, 0, 0, 0, 0, 0, 0, 0, 0, 0, , 0, 0, POLO,
EP, 17, 2026092106,   , CHP6, 0, 152N, 1041W,  50, 1003, TS,   0, , 0, 0, 0, 0, 0, 0, 0, 0, 0, 0, 0, , 0, 0, POLO,
EP, 17, 2026092112,   , CHP6, 0, 153N, 1036W,  54,  990, TS,   0, , 0, 0, 0, 0, 0, 0, 0, 0, 0, 0, 0, , 0, 0, POLO,
EP, 17, 2026092118,   , CHP6, 0, 152N, 1029W,  72,  979, HU,   0, , 0, 0, 0, 0, 0, 0, 0, 0, 0, 0, 0, , 0, 0, POLO,
EP, 17, 2026092200,   , CHP6, 0, 150N, 1022W, 111,  943, HU,   0, , 0, 0, 0, 0, 0, 0, 0, 0, 0, 0, 0, , 0, 0, POLO,
EP, 17, 2026092206,   , CHP6, 0, 148N, 1018W, 125,  926, HU,   0, , 0, 0, 0, 0, 0, 0, 0, 0, 0, 0, 0, , 0, 0, POLO,
EP, 17, 2026092212,   , CHP6, 0, 146N, 1016W, 118,  931, HU,   0, , 0, 0, 0, 0, 0, 0, 0, 0, 0, 0, 0, , 0, 0, POLO,
EP, 17, 2026092218,   , CHP6, 0, 147N, 1015W, 106,  942, HU,   0, , 0, 0, 0, 0, 0, 0, 0, 0, 0, 0, 0, , 0, 0, POLO,
EP, 17, 2026092300,   , CHP6, 0, 148N, 1016W, 105,  950, HU,   0, , 0, 0, 0, 0, 0, 0, 0, 0, 0, 0, 0, , 0, 0, POLO,
EP, 17, 2026092306,   , CHP6, 0, 149N, 1017W, 113,  942, HU,   0, , 0, 0, 0, 0, 0, 0, 0, 0, 0, 0, 0, , 0, 0, POLO,
EP, 17, 2026092312,   , CHP6, 0, 152N, 1018W, 124,  930, HU,   0, , 0, 0, 0, 0, 0, 0, 0, 0, 0, 0, 0, , 0, 0, POLO,
EP, 17, 2026092318,   , CHP6, 0, 155N, 1021W, 120,  934, HU,   0, , 0, 0, 0, 0, 0, 0, 0, 0, 0, 0, 0, , 0, 0, POLO,
EP, 17, 2026092400,   , CHP6, 0, 158N, 1025W, 135,  918, HU,   0, , 0, 0, 0, 0, 0, 0, 0, 0, 0, 0, 0, , 0, 0, POLO,
EP, 17, 2026092406,   , CHP6, 0, 162N, 1030W, 144,  909, HU,   0, , 0, 0, 0, 0, 0, 0, 0, 0, 0, 0, 0, , 0, 0, POLO,
EP, 17, 2026092412,   , CHP6, 0, 166N, 1038W, 145,  905, HU,   0, , 0, 0, 0, 0, 0, 0, 0, 0, 0, 0, 0, , 0, 0, POLO,
EP, 17, 2026092418,   , CHP6, 0, 169N, 1048W, 142,  912, HU,   0, , 0, 0, 0, 0, 0, 0, 0, 0, 0, 0, 0, , 0, 0, POLO,
EP, 17, 2026092500,   , CHP6, 0, 170N, 1059W, 145,  906, HU,   0, , 0, 0, 0, 0, 0, 0, 0, 0, 0, 0, 0, , 0, 0, POLO,
EP, 17, 2026092506,   , CHP6, 0, 172N, 1071W, 154,  894, HU,   0, , 0, 0, 0, 0, 0, 0, 0, 0, 0, 0, 0, , 0, 0, POLO,
EP, 17, 2026092512,   , CHP6, 0, 174N, 1080W, 149,  899, HU,   0, , 0, 0, 0, 0, 0, 0, 0, 0, 0, 0, 0, , 0, 0, POLO,
EP, 17, 2026092518,   , CHP6, 0, 175N, 1090W, 145,  909, HU,   0, , 0, 0, 0, 0, 0, 0, 0, 0, 0, 0, 0, , 0, 0, POLO,
EP, 17, 2026092600,   , CHP6, 0, 177N, 1099W, 141,  909, HU,   0, , 0, 0, 0, 0, 0, 0, 0, 0, 0, 0, 0, , 0, 0, POLO,
EP, 17, 2026092606,   , CHP6, 0, 180N, 1107W, 145,  909, HU,   0, , 0, 0, 0, 0, 0, 0, 0, 0, 0, 0, 0, , 0, 0, POLO,
EP, 17, 2026092612,   , CHP6, 0, 184N, 1115W, 149,  902, HU,   0, , 0, 0, 0, 0, 0, 0, 0, 0, 0, 0, 0, , 0, 0, POLO,
EP, 17, 2026092618,   , CHP6, 0, 190N, 1121W, 149,  903, HU,   0, , 0, 0, 0, 0, 0, 0, 0, 0, 0, 0, 0, , 0, 0, POLO,
EP, 17, 2026092700,   , CHP6, 0, 196N, 1126W, 136,  916, HU,   0, , 0, 0, 0, 0, 0, 0, 0, 0, 0, 0, 0, , 0, 0, POLO,
EP, 17, 2026092706,   , CHP6, 0, 204N, 1129W, 132,  927, HU,   0, , 0, 0, 0, 0, 0, 0, 0, 0, 0, 0, 0, , 0, 0, POLO,
EP, 17, 2026092712,   , CHP6, 0, 212N, 1131W, 131,  925, HU,   0, , 0, 0, 0, 0, 0, 0, 0, 0, 0, 0, 0, , 0, 0, POLO,
EP, 17, 2026092718,   , CHP6, 0, 220N, 1133W, 127,  943, HU,   0, , 0, 0, 0, 0, 0, 0, 0, 0, 0, 0, 0, , 0, 0, POLO,
EP, 17, 2026092800,   , CHP6, 0, 228N, 1132W, 132,  941, HU,   0, , 0, 0, 0, 0, 0, 0, 0, 0, 0, 0, 0, , 0, 0, POLO,
EP, 17, 2026092806,   , CHP6, 0, 236N, 1131W, 127,  942, HU,   0, , 0, 0, 0, 0, 0, 0, 0, 0, 0, 0, 0, , 0, 0, POLO,
EP, 17, 2026092812,   , CHP6, 0, 244N, 1128W, 128,  931, HU,   0, , 0, 0, 0, 0, 0, 0, 0, 0, 0, 0, 0, , 0, 0, POLO,
EP, 17, 2026092818,   , CHP6, 0, 251N, 1125W, 131,  927, HU,   0, , 0, 0, 0, 0, 0, 0, 0, 0, 0, 0, 0, , 0, 0, POLO,
EP, 17, 2026092900,   , CHP6, 0, 259N, 1122W, 133,  923, HU,   0, , 0, 0, 0, 0, 0, 0, 0, 0, 0, 0, 0, , 0, 0, POLO,
EP, 17, 2026092906,   , CHP6, 0, 266N, 1115W, 117,  946, HU,   0, , 0, 0, 0, 0, 0, 0, 0, 0, 0, 0, 0, , 0, 0, POLO,
EP, 17, 2026092912,   , CHP6, 0, 274N, 1107W, 113,  939, HU,   0, , 0, 0, 0, 0, 0, 0, 0, 0, 0, 0, 0, , 0, 0, POLO,
EP, 17, 2026092918,   , CHP6, 0, 279N, 1100W, 111,  949, HU,   0, , 0, 0, 0, 0, 0, 0, 0, 0, 0, 0, 0, , 0, 0, POLO,
EP, 17, 2026093000,   , CHP6, 0, 285N, 1090W,  89,  964, HU,   0, , 0, 0, 0, 0, 0, 0, 0, 0, 0, 0, 0, , 0, 0, POLO,
EP, 17, 2026093006,   , CHP6, 0, 290N, 1077W,  60,  987, TS,   0, , 0, 0, 0, 0, 0, 0, 0, 0, 0, 0, 0, , 0, 0, POLO,
EP, 17, 2026093012,   , CHP6, 0, 300N, 1063W,  48,  990, TS,   0, , 0, 0, 0, 0, 0, 0, 0, 0, 0, 0, 0, , 0, 0, POLO,
EP, 17, 2026093018,   , CHP6, 0, 313N, 1052W,  46,  993, TS,   0, , 0, 0, 0, 0, 0, 0, 0, 0, 0, 0, 0, , 0, 0, POLO,
EP, 17, 2026100100,   , CHP6, 0, 329N, 1043W,  41,  996, TS,   0, , 0, 0, 0, 0, 0, 0, 0, 0, 0, 0, 0, , 0, 0, POLO,
EP, 17, 2026100106,   , CHP6, 0, 347N, 1040W,  30,  997, EX,   0, , 0, 0, 0, 0, 0, 0, 0, 0, 0, 0, 0, , 0, 0, POLO,
EP, 17, 2026100112,   , CHP6, 0, 366N, 1039W,  22,  999, EX,   0, , 0, 0, 0, 0, 0, 0, 0, 0, 0, 0, 0, , 0, 0, POLO,
