WP, 94, 2026072812,   , BEST,   0, 111N, 1412E,  15, 1009, DB,   0, , 0, 0, 0, 0, 0, 0, 0, 0, 0, 0, 0, , 0, 0, INVEST,
WP, 94, 2026072818,   , BEST,   0, 119N, 1408E,  15, 1008, DB,   0, , 0, 0, 0, 0, 0, 0, 0, 0, 0, 0, 0, , 0, 0, INVEST,
WP, 94, 2026072900,   , BEST,   0, 123N, 1407E,  15, 1008, DB,   0, , 0, 0, 0, 0, 0, 0, 0, 0, 0, 0, 0, , 0, 0, INVEST,
WP, 94, 2026072906,   , BEST,   0, 126N, 1405E,  15, 1008, DB,   0, , 0, 0, 0, 0, 0, 0, 0, 0, 0, 0, 0, , 0, 0, INVEST,
WP, 94, 2026072912,   , BEST,   0, 128N, 1403E,  15, 1008, DB,   0, , 0, 0, 0, 0, 0, 0, 0, 0, 0, 0, 0, , 0, 0, INVEST,
WP, 94, 2026072918,   , BEST,   0, 128N, 1398E,  15, 1007, DB,   0, , 0, 0, 0, 0, 0, 0, 0, 0, 0, 0, 0, , 0, 0, INVEST,
WP, 94, 2026073000,   , BEST,   0, 127N, 1390E,  15, 1007, DB,   0, , 0, 0, 0, 0, 0, 0, 0, 0, 0, 0, 0, , 0, 0, INVEST,
WP, 94, 2026073006,   , BEST,   0, 128N, 1378E,  15, 1005, DB,   0, , 0, 0, 0, 0, 0, 0, 0, 0, 0, 0, 0, , 0, 0, INVEST,
WP, 94, 2026073012,   , BEST,   0, 130N, 1366E,  15, 1005, DB,   0, , 0, 0, 0, 0, 0, 0, 0, 0, 0, 0, 0, , 0, 0, INVEST,
WP, 94, 2026073018,   , BEST,   0, 131N, 1354E,  15, 1005, DB,   0, , 0, 0, 0, 0, 0, 0, 0, 0, 0, 0, 0, , 0, 0, INVEST,
WP, 94, 2026073100,   , BEST,   0, 133N, 1341E,  15, 1006, DB,   0, , 0, 0, 0, 0, 0, 0, 0, 0, 0, 0, 0, , 0, 0, INVEST,
WP, 94, 2026073106,   , BEST,   0, 136N, 1331E,  20, 1005, DB,   0, , 0, 0, 0, 0, 0, 0, 0, 0, 0, 0, 0, , 0, 0, INVEST,
WP, 94, 2026073112,   , BEST,   0, 140N, 1316E,  20, 1007, DB,   0, , 0, 0, 0, 0, 0, 0, 0, 0, 0, 0, 0, , 0, 0, INVEST,
WP, 94, 2026073118,   , BEST,   0, 143N, 1304E,  20, 1005, DB,   0, , 0, 0, 0, 0, 0, 0, 0, 0, 0, 0, 0, , 0, 0, INVEST,
WP, 94, 2026080100,   , BEST,   0, 146N, 1289E,  20, 1006, DB,   0, , 0, 0, 0, 0, 0, 0, 0, 0, 0, 0, 0, , 0, 0, INVEST,
WP, 94, 2026080106,   , BEST,   0, 147N, 1277E,  20, 1006, DB,   0, , 0, 0, 0, 0, 0, 0, 0, 0, 0, 0, 0, , 0, 0, INVEST,
WP, 94, 2026080112,   , BEST,   0, 146N, 1268E,  25, 1006, TD,   0, , 0, 0, 0, 0, 0, 0, 0, 0, 0, 0, 0, , 0, 0, INVEST,
WP, 94, 2026080118,   , BEST,   0, 146N, 1262E,  25, 1004, TD,   0, , 0, 0, 0, 0, 0, 0, 0, 0, 0, 0, 0, , 0, 0, INVEST,
WP, 94, 2026080200,   , BEST,   0, 149N, 1255E,  30, 1004, TD,   0, , 0, 0, 0, 0, 0, 0, 0, 0, 0, 0, 0, , 0, 0, INVEST,
WP, 94, 2026080206,   , BEST,   0, 153N, 1247E,  25, 1006, TD,   0, , 0, 0, 0, 0, 0, 0, 0, 0, 0, 0, 0, , 0, 0, INVEST,
WP, 94, 2026080212,   , BEST,   0, 157N, 1240E,  20, 1003, DB,   0, , 0, 0, 0, 0, 0, 0, 0, 0, 0, 0, 0, , 0, 0, INVEST,
WP, 94, 2026080218,   , BEST,   0, 161N, 1234E,  20, 1002, DB,   0, , 0, 0, 0, 0, 0, 0, 0, 0, 0, 0, 0, , 0, 0, INVEST,
WP, 94, 2026080300,   , BEST,   0, 166N, 1232E,  20, 1003, DB,   0, , 0, 0, 0, 0, 0, 0, 0, 0, 0, 0, 0, , 0, 0, INVEST,
WP, 94, 2026080306,   , BEST,   0, 174N, 1228E,  20, 1003, DB,   0, , 0, 0, 0, 0, 0, 0, 0, 0, 0, 0, 0, , 0, 0, INVEST,
WP, 94, 2026080312,   , BEST,   0, 177N, 1217E,  15, 1003, DB,   0, , 0, 0, 0, 0, 0, 0, 0, 0, 0, 0, 0, , 0, 0, INVEST,
WP, 94, 2026080318,   , BEST,   0, 175N, 1205E,  15, 1004, DB,   0, , 0, 0, 0, 0, 0, 0, 0, 0, 0, 0, 0, , 0, 0, INVEST,
WP, 94, 2026080400,   , BEST,   0, 174N, 1199E,  20, 1003, DB,   0, , 0, 0, 0, 0, 0, 0, 0, 0, 0, 0, 0, , 0, 0, INVEST,
WP, 94, 2026080406,   , BEST,   0, 175N, 1196E,  25, 1001, TD,   0, , 0, 0, 0, 0, 0, 0, 0, 0, 0, 0, 0, , 0, 0, INVEST,
WP, 94, 2026080412,   , BEST,   0, 176N, 1193E,  35, 1002, TS,   0, , 0, 0, 0, 0, 0, 0, 0, 0, 0, 0, 0, , 0, 0, INVEST,
WP, 13, 2026080418,   , BEST,   0, 177N, 1191E,  45,  999, TS,   0, , 0, 0, 0, 0, 0, 0, 0, 0, 0, 0, 0, , 0, 0, KUJIRA,TRANSITIONED, wp942026 to wp132026,  
WP, 13, 2026080500,   , BEST,   0, 178N, 1190E,  50,  999, TS,   0, , 0, 0, 0, 0, 0, 0, 0, 0, 0, 0, 0, , 0, 0, KUJIRA,
WP, 13, 2026080506,   , BEST,   0, 179N, 1193E,  45,  997, TS,   0, , 0, 0, 0, 0, 0, 0, 0, 0, 0, 0, 0, , 0, 0, KUJIRA,
WP, 13, 2026080512,   , BEST,   0, 180N, 1198E,  40,  998, TS,   0, , 0, 0, 0, 0, 0, 0, 0, 0, 0, 0, 0, , 0, 0, KUJIRA,
WP, 13, 2026080518,   , BEST,   0, 178N, 1203E,  30,  994, TD,   0, , 0, 0, 0, 0, 0, 0, 0, 0, 0, 0, 0, , 0, 0, KUJIRA,
WP, 13, 2026080600,   , BEST,   0, 174N, 1207E,  25,  997, TD,   0, , 0, 0, 0, 0, 0, 0, 0, 0, 0, 0, 0, , 0, 0, KUJIRA,
WP, 13, 2026080606,   , BEST,   0, 170N, 1217E,  20, 1000, DB,   0, , 0, 0, 0, 0, 0, 0, 0, 0, 0, 0, 0, , 0, 0, KUJIRA,
WP, 13, 2026080612,   , BEST,   0, 167N, 1239E,  20, 1000, DB,   0, , 0, 0, 0, 0, 0, 0, 0, 0, 0, 0, 0, , 0, 0, KUJIRA,
WP, 13, 2026080618,   , BEST,   0, 167N, 1271E,  20,  999, DB,   0, , 0, 0, 0, 0, 0, 0, 0, 0, 0, 0, 0, , 0, 0, KUJIRA,
WP, 13, 2026080700,   , BEST,   0, 179N, 1316E,  20,  999, DB,   0, , 0, 0, 0, 0, 0, 0, 0, 0, 0, 0, 0, , 0, 0, KUJIRA,
WP, 13, 2026080706,   , BEST,   0, 190N, 1342E,  20, 1000, DB,   0, , 0, 0, 0, 0, 0, 0, 0, 0, 0, 0, 0, , 0, 0, KUJIRA,
WP, 13, 2026080712,   , BEST,   0, 200N, 1363E,  20, 1000, DB,   0, , 0, 0, 0, 0, 0, 0, 0, 0, 0, 0, 0, , 0, 0, KUJIRA,
WP, 13, 2026080718,   , BEST,   0, 214N, 1377E,  20, 1001, DB,   0, , 0, 0, 0, 0, 0, 0, 0, 0, 0, 0, 0, , 0, 0, KUJIRA,
WP, 13, 2026080800,   , BEST,   0, 219N, 1386E,  20, 1001, DB,   0, , 0, 0, 0, 0, 0, 0, 0, 0, 0, 0, 0, , 0, 0, KUJIRA,
WP, 13, 2026080806,   , BEST,   0, 222N, 1394E,  20, 1000, DB,   0, , 0, 0, 0, 0, 0, 0, 0, 0, 0, 0, 0, , 0, 0, KUJIRA,
WP, 13, 2026080812,   , BEST,   0, 225N, 1401E,  30, 1000, TD,   0, , 0, 0, 0, 0, 0, 0, 0, 0, 0, 0, 0, , 0, 0, KUJIRA,
WP, 13, 2026080818,   , BEST,   0, 224N, 1408E,  35,  996, TS,   0, , 0, 0, 0, 0, 0, 0, 0, 0, 0, 0, 0, , 0, 0, KUJIRA,
WP, 13, 2026080900,   , BEST,   0, 219N, 1415E,  45,  997, TS,   0, , 0, 0, 0, 0, 0, 0, 0, 0, 0, 0, 0, , 0, 0, KUJIRA,
WP, 13, 2026080906,   , BEST,   0, 212N, 1427E,  40,  998, TS,   0, , 0, 0, 0, 0, 0, 0, 0, 0, 0, 0, 0, , 0, 0, PEILOU,
WP, 13, 2026080912,   , BEST,   0, 208N, 1440E,  45,  999, TS,   0, , 0, 0, 0, 0, 0, 0, 0, 0, 0, 0, 0, , 0, 0, PEILOU,
WP, 13, 2026080918,   , BEST,   0, 204N, 1458E,  35,  997, TS,   0, , 0, 0, 0, 0, 0, 0, 0, 0, 0, 0, 0, , 0, 0, PEILOU,
WP, 13, 2026081000,   , BEST,   0, 205N, 1483E,  40,  996, TS,   0, , 0, 0, 0, 0, 0, 0, 0, 0, 0, 0, 0, , 0, 0, PEILOU,
WP, 13, 2026081006,   , BEST,   0, 211N, 1510E,  45,  995, TS,   0, , 0, 0, 0, 0, 0, 0, 0, 0, 0, 0, 0, , 0, 0, PEILOU,
WP, 13, 2026081012,   , BEST,   0, 216N, 1528E,  35,  993, TS,   0, , 0, 0, 0, 0, 0, 0, 0, 0, 0, 0, 0, , 0, 0, PEILOU,
WP, 13, 2026081018,   , BEST,   0, 224N, 1543E,  50,  994, TS,   0, , 0, 0, 0, 0, 0, 0, 0, 0, 0, 0, 0, , 0, 0, PEILOU,
WP, 13, 2026081100,   , BEST,   0, 236N, 1559E,  35,  994, TS,   0, , 0, 0, 0, 0, 0, 0, 0, 0, 0, 0, 0, , 0, 0, PEILOU,
WP, 13, 2026081106,   , BEST,   0, 251N, 1576E,  50,  997, TS,   0, , 0, 0, 0, 0, 0, 0, 0, 0, 0, 0, 0, , 0, 0, PEILOU,
WP, 13, 2026081112,   , BEST,   0, 265N, 1595E,  45,  999, TS,   0, , 0, 0, 0, 0, 0, 0, 0, 0, 0, 0, 0, , 0, 0, PEILOU,
WP, 13, 2026081118,   , BEST,   0, 281N, 1609E,  40,  995, TS,   0, , 0, 0, 0, 0, 0, 0, 0, 0, 0, 0, 0, , 0, 0, PEILOU,
WP, 13, 2026081200,   , BEST,   0, 294N, 1621E,  35,  996, TS,   0, , 0, 0, 0, 0, 0, 0, 0, 0, 0, 0, 0, , 0, 0, PEILOU,
WP, 13, 2026081206,   , BEST,   0, 300N, 1627E,  30,  995, TD,   0, , 0, 0, 0, 0, 0, 0, 0, 0, 0, 0, 0, , 0, 0, PEILOU,
WP, 13, 2026081212,   , BEST,   0, 303N, 1636E,  25,  995, TD,   0, , 0, 0, 0, 0, 0, 0, 0, 0, 0, 0, 0, , 0, 0, PEILOU,
WP, 13, 2026081218,   , BEST,   0, 305N, 1649E,  25,  994, TD,   0, , 0, 0, 0, 0, 0, 0, 0, 0, 0, 0, 0, , 0, 0, PEILOU,
WP, 13, 2026081300,   , BEST,   0, 311N, 1666E,  30,  995, TD,   0, , 0, 0, 0, 0, 0, 0, 0, 0, 0, 0, 0, , 0, 0, PEILOU,
WP, 13, 2026081306,   , BEST,   0, 320N, 1680E,  25,  994, TD,   0, , 0, 0, 0, 0, 0, 0, 0, 0, 0, 0, 0, , 0, 0, PEILOU,
WP, 13, 2026081312,   , BEST,   0, 329N, 1690E,  25,  995, TD,   0, , 0, 0, 0, 0, 0, 0, 0, 0, 0, 0, 0, , 0, 0, PEILOU,
WP, 13, 2026081318,   , BEST,   0, 338N, 1702E,  30,  991, TD,   0, , 0, 0, 0, 0, 0, 0, 0, 0, 0, 0, 0, , 0, 0, PEILOU,
WP, 13, 2026081400,   , BEST,   0, 352N, 1723E,  35,  991, TS,   0, , 0, 0, 0, 0, 0, 0, 0, 0, 0, 0, 0, , 0, 0, PEILOU,
WP, 13, 2026081406,   , BEST,   0, 360N, 1743E,  30,  992, EX,   0, , 0, 0, 0, 0, 0, 0, 0, 0, 0, 0, 0, , 0, 0, PEILOU,
WP, 13, 2026081412,   , BEST,   0, 368N, 1764E,  30, 1000, EX,   0, , 0, 0, 0, 0, 0, 0, 0, 0, 0, 0, 0, , 0, 0, PEILOU,
