WP, 95, 2026081618,   , BEST,   0, 219N, 1191E,  15, 1003, DB,   0, , 0, 0, 0, 0, 0, 0, 0, 0, 0, 0, 0, , 0, 0, INVEST,
WP, 95, 2026081700,   , BEST,   0, 217N, 1186E,  15, 1003, DB,   0, , 0, 0, 0, 0, 0, 0, 0, 0, 0, 0, 0, , 0, 0, INVEST,
WP, 95, 2026081706,   , BEST,   0, 213N, 1182E,  15, 1002, DB,   0, , 0, 0, 0, 0, 0, 0, 0, 0, 0, 0, 0, , 0, 0, INVEST,
WP, 95, 2026081712,   , BEST,   0, 208N, 1178E,  15, 1002, DB,   0, , 0, 0, 0, 0, 0, 0, 0, 0, 0, 0, 0, , 0, 0, INVEST,
WP, 95, 2026081718,   , BEST,   0, 203N, 1176E,  15, 1002, DB,   0, , 0, 0, 0, 0, 0, 0, 0, 0, 0, 0, 0, , 0, 0, INVEST,
WP, 95, 2026081800,   , BEST,   0, 199N, 1174E,  15, 1002, DB,   0, , 0, 0, 0, 0, 0, 0, 0, 0, 0, 0, 0, , 0, 0, INVEST,
WP, 95, 2026081806,   , BEST,   0, 195N, 1168E,  15, 1002, DB,   0, , 0, 0, 0, 0, 0, 0, 0, 0, 0, 0, 0, , 0, 0, INVEST,
WP, 95, 2026081812,   , BEST,   0, 193N, 1154E,  20, 1002, DB,   0, , 0, 0, 0, 0, 0, 0, 0, 0, 0, 0, 0, , 0, 0, INVEST,
WP, 95, 2026081818,   , BEST,   0, 193N, 1140E,  20, 1002, DB,   0, , 0, 0, 0, 0, 0, 0, 0, 0, 0, 0, 0, , 0, 0, INVEST,
WP, 95, 2026081900,   , BEST,   0, 194N, 1127E,  25, 1000, TD,   0, , 0, 0, 0, 0, 0, 0, 0, 0, 0, 0, 0, , 0, 0, INVEST,
WP, 95, 2026081906,   , BEST,   0, 195N, 1120E,  25,  998, TD,   0, , 0, 0, 0, 0, 0, 0, 0, 0, 0, 0, 0, , 0, 0, INVEST,
WP, 95, 2026081912,   , BEST,   0, 195N, 1114E,  25,  998, TD,   0, , 0, 0, 0, 0, 0, 0, 0, 0, 0, 0, 0, , 0, 0, INVEST,
WP, 95, 2026081918,   , BEST,   0, 194N, 1109E,  25,  998, TD,   0, , 0, 0, 0, 0, 0, 0, 0, 0, 0, 0, 0, , 0, 0, INVEST,
WP, 95, 2026082000,   , BEST,   0, 194N, 1104E,  20,  999, DB,   0, , 0, 0, 0, 0, 0, 0, 0, 0, 0, 0, 0, , 0, 0, INVEST,
WP, 95, 2026082006,   , BEST,   0, 196N, 1097E,  20,  996, DB,   0, , 0, 0, 0, 0, 0, 0, 0, 0, 0, 0, 0, , 0, 0, INVEST,
WP, 95, 2026082012,   , BEST,   0, 198N, 1092E,  20,  996, DB,   0, , 0, 0, 0, 0, 0, 0, 0, 0, 0, 0, 0, , 0, 0, INVEST,
WP, 18, 2026082018,   , BEST,   0, 200N, 1088E,  30,  995, TD,   0, , 0, 0, 0, 0, 0, 0, 0, 0, 0, 0, 0, , 0, 0, EIGHTEEN,TRANSITIONED, wpE52026 to wp182026, 
WP, 18, 2026082100,   , BEST,   0, 203N, 1086E,  40,  995, TS,   0, , 0, 0, 0, 0, 0, 0, 0, 0, 0, 0, 0, , 0, 0, EIGHTEEN,
WP, 18, 2026082106,   , BEST,   0, 206N, 1087E,  35,  995, TS,   0, , 0, 0, 0, 0, 0, 0, 0, 0, 0, 0, 0, , 0, 0, EIGHTEEN,
WP, 18, 2026082112,   , BEST,   0, 209N, 1087E,  40,  995, TS,   0, , 0, 0, 0, 0, 0, 0, 0, 0, 0, 0, 0, , 0, 0, EIGHTEEN,
WP, 18, 2026082118,   , BEST,   0, 211N, 1086E,  40,  995, TS,   0, , 0, 0, 0, 0, 0, 0, 0, 0, 0, 0, 0, , 0, 0, EIGHTEEN,
WP, 18, 2026082200,   , BEST,   0, 212N, 1084E,  30,  996, TD,   0, , 0, 0, 0, 0, 0, 0, 0, 0, 0, 0, 0, , 0, 0, EIGHTEEN,
WP, 18, 2026082206,   , BEST,   0, 211N, 1082E,  30,  995, TD,   0, , 0, 0, 0, 0, 0, 0, 0, 0, 0, 0, 0, , 0, 0, NARRA,
WP, 18, 2026082212,   , BEST,   0, 210N, 1081E,  35,  995, TS,   0, , 0, 0, 0, 0, 0, 0, 0, 0, 0, 0, 0, , 0, 0, NARRA,
WP, 18, 2026082218,   , BEST,   0, 209N, 1080E,  35,  995, TS,   0, , 0, 0, 0, 0, 0, 0, 0, 0, 0, 0, 0, , 0, 0, NARRA,
WP, 18, 2026082300,   , BEST,   0, 208N, 1080E,  45,  994, TS,   0, , 0, 0, 0, 0, 0, 0, 0, 0, 0, 0, 0, , 0, 0, NARRA,
WP, 18, 2026082306,   , BEST,   0, 206N, 1081E,  45,  994, TS,   0, , 0, 0, 0, 0, 0, 0, 0, 0, 0, 0, 0, , 0, 0, NARRA,
WP, 18, 2026082312,   , BEST,   0, 205N, 1080E,  45,  992, TS,   0, , 0, 0, 0, 0, 0, 0, 0, 0, 0, 0, 0, , 0, 0, NARRA,
WP, 18, 2026082318,   , BEST,   0, 204N, 1078E,  40,  992, TS,   0, , 0, 0, 0, 0, 0, 0, 0, 0, 0, 0, 0, , 0, 0, NARRA,
WP, 18, 2026082400,   , BEST,   0, 203N, 1076E,  40,  991, TS,   0, , 0, 0, 0, 0, 0, 0, 0, 0, 0, 0, 0, , 0, 0, NARRA,
WP, 18, 2026082406,   , BEST,   0, 200N, 1074E,  45,  989, TS,   0, , 0, 0, 0, 0, 0, 0, 0, 0, 0, 0, 0, , 0, 0, NARRA,
WP, 18, 2026082412,   , BEST,   0, 197N, 1073E,  35,  990, TS,   0, , 0, 0, 0, 0, 0, 0, 0, 0, 0, 0, 0, , 0, 0, NARRA,
WP, 18, 2026082418,   , BEST,   0, 195N, 1074E,  30,  992, TD,   0, , 0, 0, 0, 0, 0, 0, 0, 0, 0, 0, 0, , 0, 0, NARRA,
WP, 18, 2026082500,   , BEST,   0, 194N, 1076E,  40,  990, TS,   0, , 0, 0, 0, 0, 0, 0, 0, 0, 0, 0, 0, , 0, 0, NARRA,
WP, 18, 2026082506,   , BEST,   0, 193N, 1082E,  35,  990, TS,   0, , 0, 0, 0, 0, 0, 0, 0, 0, 0, 0, 0, , 0, 0, NARRA,
WP, 18, 2026082512,   , BEST,   0, 195N, 1089E,  30,  994, TD,   0, , 0, 0, 0, 0, 0, 0, 0, 0, 0, 0, 0, , 0, 0, NARRA,
WP, 18, 2026082518,   , BEST,   0, 200N, 1096E,  30,  999, TD,   0, , 0, 0, 0, 0, 0, 0, 0, 0, 0, 0, 0, , 0, 0, NARRA,
WP, 18, 2026082600,   , BEST,   0, 206N, 1103E,  35,  999, TS,   0, , 0, 0, 0, 0, 0, 0, 0, 0, 0, 0, 0, , 0, 0, NARRA,
WP, 18, 2026082606,   , BEST,   0, 216N, 1114E,  25,  999, TD,   0, , 0, 0, 0, 0, 0, 0, 0, 0, 0, 0, 0, , 0, 0, NARRA,
WP, 18, 2026082612,   , BEST,   0, 222N, 1122E,  20, 1002, DB,   0, , 0, 0, 0, 0, 0, 0, 0, 0, 0, 0, 0, , 0, 0, NARRA,
WP, 18, 2026082618,   , BEST,   0, 225N, 1130E,  15, 1002, DB,   0, , 0, 0, 0, 0, 0, 0, 0, 0, 0, 0, 0, , 0, 0, NARRA,
WP, 18, 2026082700,   , BEST,   0, 227N, 1137E,  15, 1003, DB,   0, , 0, 0, 0, 0, 0, 0, 0, 0, 0, 0, 0, , 0, 0, NARRA,
