CP, 92, 2026072500,   , BEST,   0, 104N, 1716W,  20, 1007, DB,   0, , 0, 0, 0, 0, 0, 0, 0, 0, 0, 0, 0, , 0, 0, INVEST,
CP, 92, 2026072506,   , BEST,   0, 107N, 1727W,  20, 1007, DB,   0, , 0, 0, 0, 0, 0, 0, 0, 0, 0, 0, 0, , 0, 0, INVEST,
CP, 92, 2026072512,   , BEST,   0, 110N, 1738W,  20, 1007, DB,   0, , 0, 0, 0, 0, 0, 0, 0, 0, 0, 0, 0, , 0, 0, INVEST,
CP, 92, 2026072518,   , BEST,   0, 114N, 1749W,  20, 1006, DB,   0, , 0, 0, 0, 0, 0, 0, 0, 0, 0, 0, 0, , 0, 0, INVEST,
CP, 92, 2026072600,   , BEST,   0, 117N, 1760W,  20, 1006, DB,   0, , 0, 0, 0, 0, 0, 0, 0, 0, 0, 0, 0, , 0, 0, INVEST,
CP, 92, 2026072606,   , BEST,   0, 121N, 1774W,  25, 1006, TD,   0, , 0, 0, 0, 0, 0, 0, 0, 0, 0, 0, 0, , 0, 0, INVEST,
CP, 92, 2026072612,   , BEST,   0, 125N, 1789W,  30, 1005, TD,   0, , 0, 0, 0, 0, 0, 0, 0, 0, 0, 0, 0, , 0, 0, INVEST,
CP, 92, 2026072618,   , BEST,   0, 128N, 1797E,  30, 1004, TD,   0, , 0, 0, 0, 0, 0, 0, 0, 0, 0, 0, 0, , 0, 0, INVEST,
WP, 12, 2026072700,   , BEST,   0, 130N, 1783E,  35, 1002, TS,   0, , 0, 0, 0, 0, 0, 0, 0, 0, 0, 0, 0, , 0, 0, TWELVE,TRANSITIONED, cp922026 to wp122026,  
WP, 12, 2026072706,   , BEST,   0, 131N, 1767E,  40, 1001, TS,   0, , 0, 0, 0, 0, 0, 0, 0, 0, 0, 0, 0, , 0, 0, DOLPHIN,
WP, 12, 2026072712,   , BEST,   0, 131N, 1752E,  45, 1000, TS,   0, , 0, 0, 0, 0, 0, 0, 0, 0, 0, 0, 0, , 0, 0, DOLPHIN,
WP, 12, 2026072718,   , BEST,   0, 131N, 1739E,  60,  997, TS,   0, , 0, 0, 0, 0, 0, 0, 0, 0, 0, 0, 0, , 0, 0, DOLPHIN,
WP, 12, 2026072800,   , BEST,   0, 132N, 1728E,  70,  989, TY,   0, , 0, 0, 0, 0, 0, 0, 0, 0, 0, 0, 0, , 0, 0, DOLPHIN,
WP, 12, 2026072806,   , BEST,   0, 133N, 1717E,  90,  980, TY,   0, , 0, 0, 0, 0, 0, 0, 0, 0, 0, 0, 0, , 0, 0, DOLPHIN,
WP, 12, 2026072812,   , BEST,   0, 134N, 1707E, 120,  942, TY,   0, , 0, 0, 0, 0, 0, 0, 0, 0, 0, 0, 0, , 0, 0, DOLPHIN,
WP, 12, 2026072815,   , BEST,   0, 135N, 1703E, 135,  925, ST,   0, , 0, 0, 0, 0, 0, 0, 0, 0, 0, 0, 0, , 0, 0, DOLPHIN,
WP, 12, 2026072818,   , BEST,   0, 136N, 1699E, 125,  937, TY,   0, , 0, 0, 0, 0, 0, 0, 0, 0, 0, 0, 0, , 0, 0, DOLPHIN,
WP, 12, 2026072900,   , BEST,   0, 140N, 1690E, 115,  937, TY,   0, , 0, 0, 0, 0, 0, 0, 0, 0, 0, 0, 0, , 0, 0, DOLPHIN,
WP, 12, 2026072906,   , BEST,   0, 146N, 1684E, 120,  941, TY,   0, , 0, 0, 0, 0, 0, 0, 0, 0, 0, 0, 0, , 0, 0, DOLPHIN,
WP, 12, 2026072912,   , BEST,   0, 152N, 1676E, 140,  922, ST,   0, , 0, 0, 0, 0, 0, 0, 0, 0, 0, 0, 0, , 0, 0, DOLPHIN,
WP, 12, 2026072918,   , BEST,   0, 158N, 1667E, 155,  903, ST,   0, , 0, 0, 0, 0, 0, 0, 0, 0, 0, 0, 0, , 0, 0, DOLPHIN,
WP, 12, 2026073000,   , BEST,   0, 164N, 1658E, 145,  905, ST,   0, , 0, 0, 0, 0, 0, 0, 0, 0, 0, 0, 0, , 0, 0, DOLPHIN,
WP, 12, 2026073006,   , BEST,   0, 169N, 1649E, 135,  907, ST,   0, , 0, 0, 0, 0, 0, 0, 0, 0, 0, 0, 0, , 0, 0, DOLPHIN,
WP, 12, 2026073012,   , BEST,   0, 175N, 1639E, 125,  909, TY,   0, , 0, 0, 0, 0, 0, 0, 0, 0, 0, 0, 0, , 0, 0, DOLPHIN,
WP, 12, 2026073018,   , BEST,   0, 179N, 1629E, 135,  906, ST,   0, , 0, 0, 0, 0, 0, 0, 0, 0, 0, 0, 0, , 0, 0, DOLPHIN,
WP, 12, 2026073100,   , BEST,   0, 183N, 1619E, 145,  903, ST,   0, , 0, 0, 0, 0, 0, 0, 0, 0, 0, 0, 0, , 0, 0, DOLPHIN,
WP, 12, 2026073106,   , BEST,   0, 186N, 1610E, 140,  905, ST,   0, , 0, 0, 0, 0, 0, 0, 0, 0, 0, 0, 0, , 0, 0, DOLPHIN,
WP, 12, 2026073112,   , BEST,   0, 191N, 1601E, 130,  910, ST,   0, , 0, 0, 0, 0, 0, 0, 0, 0, 0, 0, 0, , 0, 0, DOLPHIN,
WP, 12, 2026073118,   , BEST,   0, 196N, 1592E, 120,  915, TY,   0, , 0, 0, 0, 0, 0, 0, 0, 0, 0, 0, 0, , 0, 0, DOLPHIN,
WP, 12, 2026080100,   , BEST,   0, 202N, 1583E, 110,  919, TY,   0, , 0, 0, 0, 0, 0, 0, 0, 0, 0, 0, 0, , 0, 0, DOLPHIN,
WP, 12, 2026080106,   , BEST,   0, 209N, 1575E, 115,  922, TY,   0, , 0, 0, 0, 0, 0, 0, 0, 0, 0, 0, 0, , 0, 0, DOLPHIN,
WP, 12, 2026080112,   , BEST,   0, 216N, 1563E, 130,  925, ST,   0, , 0, 0, 0, 0, 0, 0, 0, 0, 0, 0, 0, , 0, 0, DOLPHIN,
WP, 12, 2026080118,   , BEST,   0, 221N, 1549E, 120,  930, TY,   0, , 0, 0, 0, 0, 0, 0, 0, 0, 0, 0, 0, , 0, 0, DOLPHIN,
WP, 12, 2026080200,   , BEST,   0, 227N, 1535E, 130,  931, ST,   0, , 0, 0, 0, 0, 0, 0, 0, 0, 0, 0, 0, , 0, 0, DOLPHIN,
WP, 12, 2026080206,   , BEST,   0, 232N, 1522E, 120,  935, TY,   0, , 0, 0, 0, 0, 0, 0, 0, 0, 0, 0, 0, , 0, 0, DOLPHIN,
WP, 12, 2026080212,   , BEST,   0, 236N, 1509E, 105,  943, TY,   0, , 0, 0, 0, 0, 0, 0, 0, 0, 0, 0, 0, , 0, 0, DOLPHIN,
WP, 12, 2026080218,   , BEST,   0, 240N, 1496E, 100,  945, TY,   0, , 0, 0, 0, 0, 0, 0, 0, 0, 0, 0, 0, , 0, 0, DOLPHIN,
WP, 12, 2026080300,   , BEST,   0, 245N, 1483E,  95,  945, TY,   0, , 0, 0, 0, 0, 0, 0, 0, 0, 0, 0, 0, , 0, 0, DOLPHIN,
WP, 12, 2026080306,   , BEST,   0, 248N, 1471E,  85,  952, TY,   0, , 0, 0, 0, 0, 0, 0, 0, 0, 0, 0, 0, , 0, 0, DOLPHIN,
WP, 12, 2026080312,   , BEST,   0, 250N, 1457E,  85,  955, TY,   0, , 0, 0, 0, 0, 0, 0, 0, 0, 0, 0, 0, , 0, 0, DOLPHIN,
WP, 12, 2026080318,   , BEST,   0, 251N, 1443E,  95,  952, TY,   0, , 0, 0, 0, 0, 0, 0, 0, 0, 0, 0, 0, , 0, 0, DOLPHIN,
WP, 12, 2026080400,   , BEST,   0, 252N, 1431E, 100,  935, TY,   0, , 0, 0, 0, 0, 0, 0, 0, 0, 0, 0, 0, , 0, 0, DOLPHIN,
WP, 12, 2026080406,   , BEST,   0, 253N, 1418E, 115,  933, TY,   0, , 0, 0, 0, 0, 0, 0, 0, 0, 0, 0, 0, , 0, 0, DOLPHIN,
WP, 12, 2026080412,   , BEST,   0, 253N, 1406E, 110,  935, TY,   0, , 0, 0, 0, 0, 0, 0, 0, 0, 0, 0, 0, , 0, 0, DOLPHIN,
WP, 12, 2026080418,   , BEST,   0, 253N, 1394E,  95,  935, TY,   0, , 0, 0, 0, 0, 0, 0, 0, 0, 0, 0, 0, , 0, 0, DOLPHIN,
WP, 12, 2026080500,   , BEST,   0, 254N, 1383E, 100,  935, TY,   0, , 0, 0, 0, 0, 0, 0, 0, 0, 0, 0, 0, , 0, 0, DOLPHIN,
WP, 12, 2026080506,   , BEST,   0, 256N, 1372E,  90,  945, TY,   0, , 0, 0, 0, 0, 0, 0, 0, 0, 0, 0, 0, , 0, 0, DOLPHIN,
WP, 12, 2026080512,   , BEST,   0, 259N, 1362E,  75,  949, TY,   0, , 0, 0, 0, 0, 0, 0, 0, 0, 0, 0, 0, , 0, 0, DOLPHIN,
WP, 12, 2026080518,   , BEST,   0, 261N, 1350E,  75,  956, TY,   0, , 0, 0, 0, 0, 0, 0, 0, 0, 0, 0, 0, , 0, 0, DOLPHIN,
WP, 12, 2026080600,   , BEST,   0, 263N, 1337E,  80,  956, TY,   0, , 0, 0, 0, 0, 0, 0, 0, 0, 0, 0, 0, , 0, 0, DOLPHIN,
WP, 12, 2026080606,   , BEST,   0, 265N, 1326E,  85,  956, TY,   0, , 0, 0, 0, 0, 0, 0, 0, 0, 0, 0, 0, , 0, 0, DOLPHIN,
WP, 12, 2026080612,   , BEST,   0, 266N, 1315E,  75,  957, TY,   0, , 0, 0, 0, 0, 0, 0, 0, 0, 0, 0, 0, , 0, 0, DOLPHIN,
WP, 12, 2026080618,   , BEST,   0, 268N, 1303E,  70,  957, TY,   0, , 0, 0, 0, 0, 0, 0, 0, 0, 0, 0, 0, , 0, 0, DOLPHIN,
WP, 12, 2026080700,   , BEST,   0, 269N, 1289E,  85,  938, TY,   0, , 0, 0, 0, 0, 0, 0, 0, 0, 0, 0, 0, , 0, 0, DOLPHIN,
WP, 12, 2026080706,   , BEST,   0, 267N, 1281E,  85,  951, TY,   0, , 0, 0, 0, 0, 0, 0, 0, 0, 0, 0, 0, , 0, 0, DOLPHIN,
WP, 12, 2026080712,   , BEST,   0, 270N, 1272E,  95,  951, TY,   0, , 0, 0, 0, 0, 0, 0, 0, 0, 0, 0, 0, , 0, 0, DOLPHIN,
WP, 12, 2026080718,   , BEST,   0, 266N, 1265E,  85,  948, TY,   0, , 0, 0, 0, 0, 0, 0, 0, 0, 0, 0, 0, , 0, 0, DOLPHIN,
WP, 12, 2026080800,   , BEST,   0, 270N, 1260E,  75,  948, TY,   0, , 0, 0, 0, 0, 0, 0, 0, 0, 0, 0, 0, , 0, 0, DOLPHIN,
WP, 12, 2026080806,   , BEST,   0, 269N, 1253E,  85,  956, TY,   0, , 0, 0, 0, 0, 0, 0, 0, 0, 0, 0, 0, , 0, 0, DOLPHIN,
WP, 12, 2026080812,   , BEST,   0, 270N, 1248E,  95,  956, TY,   0, , 0, 0, 0, 0, 0, 0, 0, 0, 0, 0, 0, , 0, 0, DOLPHIN,
WP, 12, 2026080818,   , BEST,   0, 272N, 1241E,  85,  955, TY,   0, , 0, 0, 0, 0, 0, 0, 0, 0, 0, 0, 0, , 0, 0, DOLPHIN,
WP, 12, 2026080900,   , BEST,   0, 278N, 1232E,  80,  955, TY,   0, , 0, 0, 0, 0, 0, 0, 0, 0, 0, 0, 0, , 0, 0, DOLPHIN,
WP, 12, 2026080906,   , BEST,   0, 281N, 1219E,  90,  945, TY,   0, , 0, 0, 0, 0, 0, 0, 0, 0, 0, 0, 0, , 0, 0, DOLPHIN,
WP, 12, 2026080912,   , BEST,   0, 279N, 1206E,  70,  958, TY,   0, , 0, 0, 0, 0, 0, 0, 0, 0, 0, 0, 0, , 0, 0, DOLPHIN,
WP, 12, 2026080918,   , BEST,   0, 279N, 1197E,  50,  970, TS,   0, , 0, 0, 0, 0, 0, 0, 0, 0, 0, 0, 0, , 0, 0, DOLPHIN,
WP, 12, 2026081000,   , BEST,   0, 283N, 1189E,  35,  977, TS,   0, , 0, 0, 0, 0, 0, 0, 0, 0, 0, 0, 0, , 0, 0, DOLPHIN,
WP, 12, 2026081006,   , BEST,   0, 287N, 1180E,  30,  986, TD,   0, , 0, 0, 0, 0, 0, 0, 0, 0, 0, 0, 0, , 0, 0, DOLPHIN,
WP, 12, 2026081012,   , BEST,   0, 294N, 1171E,  25,  990, TD,   0, , 0, 0, 0, 0, 0, 0, 0, 0, 0, 0, 0, , 0, 0, DOLPHIN,
WP, 12, 2026081018,   , BEST,   0, 299N, 1166E,  20,  990, DB,   0, , 0, 0, 0, 0, 0, 0, 0, 0, 0, 0, 0, , 0, 0, DOLPHIN,
WP, 12, 2026081100,   , BEST,   0, 301N, 1160E,  20,  990, DB,   0, , 0, 0, 0, 0, 0, 0, 0, 0, 0, 0, 0, , 0, 0, DOLPHIN,
