WP, 91, 2026092218,   , BEST,   0, 143N, 1400E,  20, 1006, DB,   0, , 0, 0, 0, 0, 0, 0, 0, 0, 0, 0, 0, , 0, 0, INVEST,
WP, 91, 2026092300,   , BEST,   0, 151N, 1390E,  20, 1008, DB,   0, , 0, 0, 0, 0, 0, 0, 0, 0, 0, 0, 0, , 0, 0, INVEST,
WP, 25, 2026092306,   , BEST,   0, 160N, 1380E,  30, 1005, TD,   0, , 0, 0, 0, 0, 0, 0, 0, 0, 0, 0, 0, , 0, 0, TWENTYFIVE,TRANSITIONED, wpG12026 to wp252026, 
WP, 25, 2026092312,   , BEST,   0, 166N, 1370E,  35, 1005, TS,   0, , 0, 0, 0, 0, 0, 0, 0, 0, 0, 0, 0, , 0, 0, TWENTYFIVE,
WP, 25, 2026092318,   , BEST,   0, 173N, 1358E,  40, 1005, TS,   0, , 0, 0, 0, 0, 0, 0, 0, 0, 0, 0, 0, , 0, 0, SURIGAE,
WP, 25, 2026092400,   , BEST,   0, 180N, 1345E,  45, 1004, TS,   0, , 0, 0, 0, 0, 0, 0, 0, 0, 0, 0, 0, , 0, 0, SURIGAE,
WP, 25, 2026092406,   , BEST,   0, 184N, 1334E,  50,  999, TS,   0, , 0, 0, 0, 0, 0, 0, 0, 0, 0, 0, 0, , 0, 0, SURIGAE,
WP, 25, 2026092412,   , BEST,   0, 187N, 1325E,  45, 1001, TS,   0, , 0, 0, 0, 0, 0, 0, 0, 0, 0, 0, 0, , 0, 0, SURIGAE,
WP, 25, 2026092418,   , BEST,   0, 193N, 1316E,  40, 1004, TS,   0, , 0, 0, 0, 0, 0, 0, 0, 0, 0, 0, 0, , 0, 0, SURIGAE,
WP, 25, 2026092500,   , BEST,   0, 200N, 1305E,  50, 1003, TS,   0, , 0, 0, 0, 0, 0, 0, 0, 0, 0, 0, 0, , 0, 0, SURIGAE,
WP, 25, 2026092506,   , BEST,   0, 207N, 1293E,  60, 1000, TS,   0, , 0, 0, 0, 0, 0, 0, 0, 0, 0, 0, 0, , 0, 0, SURIGAE,
WP, 25, 2026092512,   , BEST,   0, 213N, 1282E,  55,  998, TS,   0, , 0, 0, 0, 0, 0, 0, 0, 0, 0, 0, 0, , 0, 0, SURIGAE,
WP, 25, 2026092518,   , BEST,   0, 217N, 1275E,  60,  990, TS,   0, , 0, 0, 0, 0, 0, 0, 0, 0, 0, 0, 0, , 0, 0, SURIGAE,
WP, 25, 2026092600,   , BEST,   0, 222N, 1270E,  65,  987, TY,   0, , 0, 0, 0, 0, 0, 0, 0, 0, 0, 0, 0, , 0, 0, SURIGAE,
WP, 25, 2026092606,   , BEST,   0, 229N, 1268E,  75,  981, TY,   0, , 0, 0, 0, 0, 0, 0, 0, 0, 0, 0, 0, , 0, 0, SURIGAE,
WP, 25, 2026092612,   , BEST,   0, 236N, 1269E,  80,  981, TY,   0, , 0, 0, 0, 0, 0, 0, 0, 0, 0, 0, 0, , 0, 0, SURIGAE,
WP, 25, 2026092618,   , BEST,   0, 242N, 1272E,  95,  977, TY,   0, , 0, 0, 0, 0, 0, 0, 0, 0, 0, 0, 0, , 0, 0, SURIGAE,
WP, 25, 2026092700,   , BEST,   0, 247N, 1276E, 110,  964, TY,   0, , 0, 0, 0, 0, 0, 0, 0, 0, 0, 0, 0, , 0, 0, SURIGAE,
WP, 25, 2026092706,   , BEST,   0, 254N, 1283E, 125,  952, TY,   0, , 0, 0, 0, 0, 0, 0, 0, 0, 0, 0, 0, , 0, 0, SURIGAE,
WP, 25, 2026092712,   , BEST,   0, 259N, 1291E, 130,  934, ST,   0, , 0, 0, 0, 0, 0, 0, 0, 0, 0, 0, 0, , 0, 0, SURIGAE,
WP, 25, 2026092715,   , BEST,   0, 261N, 1295E, 135,  934, ST,   0, , 0, 0, 0, 0, 0, 0, 0, 0, 0, 0, 0, , 0, 0, SURIGAE,
WP, 25, 2026092718,   , BEST,   0, 263N, 1300E, 125,  929, TY,   0, , 0, 0, 0, 0, 0, 0, 0, 0, 0, 0, 0, , 0, 0, SURIGAE,
WP, 25, 2026092800,   , BEST,   0, 266N, 1309E, 100,  938, TY,   0, , 0, 0, 0, 0, 0, 0, 0, 0, 0, 0, 0, , 0, 0, SURIGAE,
WP, 25, 2026092806,   , BEST,   0, 270N, 1316E,  80,  954, TY,   0, , 0, 0, 0, 0, 0, 0, 0, 0, 0, 0, 0, , 0, 0, SURIGAE,
WP, 25, 2026092812,   , BEST,   0, 275N, 1324E,  70,  965, TY,   0, , 0, 0, 0, 0, 0, 0, 0, 0, 0, 0, 0, , 0, 0, SURIGAE,
WP, 25, 2026092818,   , BEST,   0, 281N, 1331E,  55,  981, TS,   0, , 0, 0, 0, 0, 0, 0, 0, 0, 0, 0, 0, , 0, 0, SURIGAE,
WP, 25, 2026092900,   , BEST,   0, 285N, 1339E,  45,  991, TS,   0, , 0, 0, 0, 0, 0, 0, 0, 0, 0, 0, 0, , 0, 0, SURIGAE,
WP, 25, 2026092906,   , BEST,   0, 290N, 1350E,  40,  989, TS,   0, , 0, 0, 0, 0, 0, 0, 0, 0, 0, 0, 0, , 0, 0, SURIGAE,
WP, 25, 2026092912,   , BEST,   0, 293N, 1359E,  45,  990, TS,   0, , 0, 0, 0, 0, 0, 0, 0, 0, 0, 0, 0, , 0, 0, SURIGAE,
WP, 25, 2026092918,   , BEST,   0, 297N, 1367E,  40,  991, TS,   0, , 0, 0, 0, 0, 0, 0, 0, 0, 0, 0, 0, , 0, 0, SURIGAE,
WP, 25, 2026093000,   , BEST,   0, 303N, 1375E,  35,  991, TS,   0, , 0, 0, 0, 0, 0, 0, 0, 0, 0, 0, 0, , 0, 0, SURIGAE,
WP, 25, 2026093006,   , BEST,   0, 312N, 1383E,  35,  991, EX,   0, , 0, 0, 0, 0, 0, 0, 0, 0, 0, 0, 0, , 0, 0, SURIGAE,
WP, 25, 2026093012,   , BEST,   0, 318N, 1389E,  35, 1001, EX,   0, , 0, 0, 0, 0, 0, 0, 0, 0, 0, 0, 0, , 0, 0, SURIGAE,
WP, 25, 2026093018,   , BEST,   0, 323N, 1395E,  35, 1002, EX,   0, , 0, 0, 0, 0, 0, 0, 0, 0, 0, 0, 0, , 0, 0, SURIGAE,
WP, 25, 2026100100,   , BEST,   0, 335N, 1408E,  35, 1004, EX,   0, , 0, 0, 0, 0, 0, 0, 0, 0, 0, 0, 0, , 0, 0, SURIGAE,
WP, 25, 2026100106,   , BEST,   0, 346N, 1424E,  35, 1004, EX,   0, , 0, 0, 0, 0, 0, 0, 0, 0, 0, 0, 0, , 0, 0, SURIGAE,
WP, 25, 2026100112,   , BEST,   0, 364N, 1445E,  35, 1004, EX,   0, , 0, 0, 0, 0, 0, 0, 0, 0, 0, 0, 0, , 0, 0, SURIGAE,
