WP, 90, 2026091418,   , BEST,   0, 138N, 1512E,  20, 1002, DB,   0, , 0, 0, 0, 0, 0, 0, 0, 0, 0, 0, 0, , 0, 0, INVEST,
WP, 90, 2026091500,   , BEST,   0, 141N, 1505E,  20, 1002, DB,   0, , 0, 0, 0, 0, 0, 0, 0, 0, 0, 0, 0, , 0, 0, INVEST,
WP, 90, 2026091506,   , BEST,   0, 144N, 1499E,  25, 1001, TD,   0, , 0, 0, 0, 0, 0, 0, 0, 0, 0, 0, 0, , 0, 0, INVEST,
WP, 24, 2026091512,   , BEST,   0, 146N, 1492E,  25, 1002, TD,   0, , 0, 0, 0, 0, 0, 0, 0, 0, 0, 0, 0, , 0, 0, TWENTYFOUR,TRANSITIONED, wpG02026 to wp242026, 
WP, 24, 2026091518,   , BEST,   0, 148N, 1488E,  30, 1000, TD,   0, , 0, 0, 0, 0, 0, 0, 0, 0, 0, 0, 0, , 0, 0, TWENTYFOUR,
WP, 24, 2026091600,   , BEST,   0, 150N, 1487E,  30,  999, TD,   0, , 0, 0, 0, 0, 0, 0, 0, 0, 0, 0, 0, , 0, 0, TWENTYFOUR,
WP, 24, 2026091606,   , BEST,   0, 154N, 1489E,  35,  998, TS,   0, , 0, 0, 0, 0, 0, 0, 0, 0, 0, 0, 0, , 0, 0, TWENTYFOUR,
WP, 24, 2026091612,   , BEST,   0, 165N, 1495E,  45,  994, TS,   0, , 0, 0, 0, 0, 0, 0, 0, 0, 0, 0, 0, , 0, 0, TWENTYFOUR,
WP, 24, 2026091618,   , BEST,   0, 176N, 1499E,  55,  992, TS,   0, , 0, 0, 0, 0, 0, 0, 0, 0, 0, 0, 0, , 0, 0, DUJUAN,
WP, 24, 2026091700,   , BEST,   0, 190N, 1503E,  65,  990, TY,   0, , 0, 0, 0, 0, 0, 0, 0, 0, 0, 0, 0, , 0, 0, DUJUAN,
WP, 24, 2026091706,   , BEST,   0, 216N, 1499E,  70,  990, TY,   0, , 0, 0, 0, 0, 0, 0, 0, 0, 0, 0, 0, , 0, 0, DUJUAN,
WP, 24, 2026091712,   , BEST,   0, 237N, 1485E,  65,  985, TY,   0, , 0, 0, 0, 0, 0, 0, 0, 0, 0, 0, 0, , 0, 0, DUJUAN,
WP, 24, 2026091718,   , BEST,   0, 248N, 1461E,  55,  981, TS,   0, , 0, 0, 0, 0, 0, 0, 0, 0, 0, 0, 0, , 0, 0, DUJUAN,
WP, 24, 2026091800,   , BEST,   0, 252N, 1443E,  60,  984, TS,   0, , 0, 0, 0, 0, 0, 0, 0, 0, 0, 0, 0, , 0, 0, DUJUAN,
WP, 24, 2026091806,   , BEST,   0, 256N, 1426E,  65,  980, TY,   0, , 0, 0, 0, 0, 0, 0, 0, 0, 0, 0, 0, , 0, 0, DUJUAN,
WP, 24, 2026091812,   , BEST,   0, 258N, 1415E,  80,  980, TY,   0, , 0, 0, 0, 0, 0, 0, 0, 0, 0, 0, 0, , 0, 0, DUJUAN,
WP, 24, 2026091818,   , BEST,   0, 260N, 1406E,  95,  978, TY,   0, , 0, 0, 0, 0, 0, 0, 0, 0, 0, 0, 0, , 0, 0, DUJUAN,
WP, 24, 2026091900,   , BEST,   0, 263N, 1397E,  80,  978, TY,   0, , 0, 0, 0, 0, 0, 0, 0, 0, 0, 0, 0, , 0, 0, DUJUAN,
WP, 24, 2026091906,   , BEST,   0, 269N, 1390E,  75,  978, TY,   0, , 0, 0, 0, 0, 0, 0, 0, 0, 0, 0, 0, , 0, 0, DUJUAN,
WP, 24, 2026091912,   , BEST,   0, 277N, 1383E,  65,  978, TY,   0, , 0, 0, 0, 0, 0, 0, 0, 0, 0, 0, 0, , 0, 0, DUJUAN,
WP, 24, 2026091918,   , BEST,   0, 283N, 1377E,  60,  977, TS,   0, , 0, 0, 0, 0, 0, 0, 0, 0, 0, 0, 0, , 0, 0, DUJUAN,
WP, 24, 2026092000,   , BEST,   0, 288N, 1375E,  60,  978, TS,   0, , 0, 0, 0, 0, 0, 0, 0, 0, 0, 0, 0, , 0, 0, DUJUAN,
WP, 24, 2026092006,   , BEST,   0, 295N, 1374E,  60,  978, TS,   0, , 0, 0, 0, 0, 0, 0, 0, 0, 0, 0, 0, , 0, 0, DUJUAN,
WP, 24, 2026092012,   , BEST,   0, 303N, 1375E,  70,  978, TY,   0, , 0, 0, 0, 0, 0, 0, 0, 0, 0, 0, 0, , 0, 0, DUJUAN,
WP, 24, 2026092018,   , BEST,   0, 314N, 1379E,  85,  976, TY,   0, , 0, 0, 0, 0, 0, 0, 0, 0, 0, 0, 0, , 0, 0, DUJUAN,
WP, 24, 2026092100,   , BEST,   0, 325N, 1386E,  95,  974, TY,   0, , 0, 0, 0, 0, 0, 0, 0, 0, 0, 0, 0, , 0, 0, DUJUAN,
WP, 24, 2026092106,   , BEST,   0, 335N, 1399E,  85,  971, TY,   0, , 0, 0, 0, 0, 0, 0, 0, 0, 0, 0, 0, , 0, 0, DUJUAN,
WP, 24, 2026092112,   , BEST,   0, 350N, 1418E,  80,  971, TY,   0, , 0, 0, 0, 0, 0, 0, 0, 0, 0, 0, 0, , 0, 0, DUJUAN,
WP, 24, 2026092118,   , BEST,   0, 367N, 1442E,  75,  970, TY,   0, , 0, 0, 0, 0, 0, 0, 0, 0, 0, 0, 0, , 0, 0, DUJUAN,
WP, 24, 2026092200,   , BEST,   0, 383N, 1473E,  75,  972, TY,   0, , 0, 0, 0, 0, 0, 0, 0, 0, 0, 0, 0, , 0, 0, DUJUAN,
WP, 24, 2026092206,   , BEST,   0, 393N, 1506E,  65,  975, TY,   0, , 0, 0, 0, 0, 0, 0, 0, 0, 0, 0, 0, , 0, 0, DUJUAN,
WP, 24, 2026092212,   , BEST,   0, 402N, 1540E,  55,  982, EX,   0, , 0, 0, 0, 0, 0, 0, 0, 0, 0, 0, 0, , 0, 0, DUJUAN,
WP, 24, 2026092218,   , BEST,   0, 414N, 1578E,  50,  989, EX,   0, , 0, 0, 0, 0, 0, 0, 0, 0, 0, 0, 0, , 0, 0, DUJUAN,
WP, 24, 2026092300,   , BEST,   0, 425N, 1617E,  45,  990, EX,   0, , 0, 0, 0, 0, 0, 0, 0, 0, 0, 0, 0, , 0, 0, DUJUAN,
