AL, 90, 2026092400,   , BEST,   0, 110N,  190W,  20, 1008, DB,   0, , 0, 0, 0, 0, 0, 0, 0, 0, 0, 0, 0, , 0, 0, INVEST,
AL, 90, 2026092406,   , BEST,   0, 115N,  202W,  20, 1007, DB,   0, , 0, 0, 0, 0, 0, 0, 0, 0, 0, 0, 0, , 0, 0, INVEST,
AL, 90, 2026092412,   , BEST,   0, 119N,  208W,  25, 1007, LO,   0, , 0, 0, 0, 0, 0, 0, 0, 0, 0, 0, 0, , 0, 0, INVEST,
AL, 90, 2026092418,   , BEST,   0, 124N,  214W,  35, 1007, LO,   0, , 0, 0, 0, 0, 0, 0, 0, 0, 0, 0, 0, , 0, 0, INVEST,
AL, 07, 2026092500,   , BEST,   0, 129N,  220W,  45, 1004, LO,   0, , 0, 0, 0, 0, 0, 0, 0, 0, 0, 0, 0, , 0, 0, GONZALO,TRANSITIONED, alB02026 to al072026, 
AL, 07, 2026092506,   , BEST,   0, 137N,  223W,  50, 1004, LO,   0, , 0, 0, 0, 0, 0, 0, 0, 0, 0, 0, 0, , 0, 0, GONZALO,
AL, 07, 2026092512,   , BEST,   0, 146N,  226W,  55, 1000, LO,   0, , 0, 0, 0, 0, 0, 0, 0, 0, 0, 0, 0, , 0, 0, GONZALO,
AL, 07, 2026092518,   , BEST,   0, 157N,  226W,  45, 1000, TS,   0, , 0, 0, 0, 0, 0, 0, 0, 0, 0, 0, 0, , 0, 0, GONZALO,
AL, 07, 2026092600,   , BEST,   0, 165N,  225W,  35, 1002, TS,   0, , 0, 0, 0, 0, 0, 0, 0, 0, 0, 0, 0, , 0, 0, GONZALO,
AL, 07, 2026092606,   , BEST,   0, 172N,  227W,  35, 1002, TS,   0, , 0, 0, 0, 0, 0, 0, 0, 0, 0, 0, 0, , 0, 0, GONZALO,
AL, 07, 2026092612,   , BEST,   0, 180N,  228W,  35, 1003, TS,   0, , 0, 0, 0, 0, 0, 0, 0, 0, 0, 0, 0, , 0, 0, GONZALO,
AL, 07, 2026092618,   , BEST,   0, 190N,  231W,  35, 1005, TS,   0, , 0, 0, 0, 0, 0, 0, 0, 0, 0, 0, 0, , 0, 0, GONZALO,
AL, 07, 2026092700,   , BEST,   0, 201N,  235W,  30, 1006, TD,   0, , 0, 0, 0, 0, 0, 0, 0, 0, 0, 0, 0, , 0, 0, GONZALO,
AL, 07, 2026092706,   , BEST,   0, 210N,  239W,  20, 1007, DB,   0, , 0, 0, 0, 0, 0, 0, 0, 0, 0, 0, 0, , 0, 0, GONZALO,
AL, 07, 2026092712,   , BEST,   0, 217N,  244W,  20, 1008, DB,   0, , 0, 0, 0, 0, 0, 0, 0, 0, 0, 0, 0, , 0, 0, GONZALO,
