AL, 91, 2026092618,   , BEST,   0, 275N,  583W,  20, 1016, DB,   0, , 0, 0, 0, 0, 0, 0, 0, 0, 0, 0, 0, , 0, 0, INVEST,
AL, 91, 2026092700,   , BEST,   0, 291N,  582W,  20, 1016, DB,   0, , 0, 0, 0, 0, 0, 0, 0, 0, 0, 0, 0, , 0, 0, INVEST,
AL, 91, 2026092706,   , BEST,   0, 312N,  580W,  20, 1015, DB,   0, , 0, 0, 0, 0, 0, 0, 0, 0, 0, 0, 0, , 0, 0, INVEST,
AL, 91, 2026092712,   , BEST,   0, 329N,  573W,  20, 1014, DB,   0, , 0, 0, 0, 0, 0, 0, 0, 0, 0, 0, 0, , 0, 0, INVEST,
AL, 91, 2026092718,   , BEST,   0, 344N,  561W,  25, 1013, TD,   0, , 0, 0, 0, 0, 0, 0, 0, 0, 0, 0, 0, , 0, 0, INVEST,
AL, 91, 2026092800,   , BEST,   0, 357N,  550W,  30, 1013, TD,   0, , 0, 0, 0, 0, 0, 0, 0, 0, 0, 0, 0, , 0, 0, INVEST,
AL, 91, 2026092806,   , BEST,   0, 363N,  531W,  30, 1013, TD,   0, , 0, 0, 0, 0, 0, 0, 0, 0, 0, 0, 0, , 0, 0, INVEST,
AL, 08, 2026092812,   , BEST,   0, 367N,  513W,  40, 1006, TS,   0, , 0, 0, 0, 0, 0, 0, 0, 0, 0, 0, 0, , 0, 0, HANNA,TRANSITIONED, alB12026 to al082026, 
AL, 08, 2026092818,   , BEST,   0, 366N,  496W,  35, 1006, TS,   0, , 0, 0, 0, 0, 0, 0, 0, 0, 0, 0, 0, , 0, 0, HANNA,
AL, 08, 2026092900,   , BEST,   0, 361N,  483W,  35, 1002, TS,   0, , 0, 0, 0, 0, 0, 0, 0, 0, 0, 0, 0, , 0, 0, HANNA,
AL, 08, 2026092906,   , BEST,   0, 354N,  468W,  40, 1002, TS,   0, , 0, 0, 0, 0, 0, 0, 0, 0, 0, 0, 0, , 0, 0, HANNA,
AL, 08, 2026092912,   , BEST,   0, 349N,  457W,  45, 1006, TS,   0, , 0, 0, 0, 0, 0, 0, 0, 0, 0, 0, 0, , 0, 0, HANNA,
AL, 08, 2026092918,   , BEST,   0, 342N,  448W,  35, 1006, TS,   0, , 0, 0, 0, 0, 0, 0, 0, 0, 0, 0, 0, , 0, 0, HANNA,
AL, 08, 2026093000,   , BEST,   0, 338N,  440W,  35, 1006, TS,   0, , 0, 0, 0, 0, 0, 0, 0, 0, 0, 0, 0, , 0, 0, HANNA,
AL, 08, 2026093006,   , BEST,   0, 336N,  438W,  30, 1006, TD,   0, , 0, 0, 0, 0, 0, 0, 0, 0, 0, 0, 0, , 0, 0, HANNA,
AL, 08, 2026093012,   , BEST,   0, 334N,  437W,  20, 1007, DB,   0, , 0, 0, 0, 0, 0, 0, 0, 0, 0, 0, 0, , 0, 0, HANNA,
AL, 08, 2026093018,   , BEST,   0, 333N,  432W,  20, 1007, DB,   0, , 0, 0, 0, 0, 0, 0, 0, 0, 0, 0, 0, , 0, 0, HANNA,
