AL, 99, 2026091800,   , BEST,   0, 326N,  342W,  20, 1018, DB,   0, , 0, 0, 0, 0, 0, 0, 0, 0, 0, 0, 0, , 0, 0, INVEST,
AL, 99, 2026091806,   , BEST,   0, 325N,  341W,  20, 1017, DB,   0, , 0, 0, 0, 0, 0, 0, 0, 0, 0, 0, 0, , 0, 0, INVEST,
AL, 99, 2026091812,   , BEST,   0, 324N,  340W,  25, 1017, TD,   0, , 0, 0, 0, 0, 0, 0, 0, 0, 0, 0, 0, , 0, 0, INVEST,
AL, 99, 2026091818,   , BEST,   0, 323N,  339W,  25, 1016, TD,   0, , 0, 0, 0, 0, 0, 0, 0, 0, 0, 0, 0, , 0, 0, INVEST,
AL, 99, 2026091900,   , BEST,   0, 322N,  338W,  25, 1015, TD,   0, , 0, 0, 0, 0, 0, 0, 0, 0, 0, 0, 0, , 0, 0, INVEST,
AL, 99, 2026091906,   , BEST,   0, 324N,  337W,  25, 1015, TD,   0, , 0, 0, 0, 0, 0, 0, 0, 0, 0, 0, 0, , 0, 0, INVEST,
AL, 06, 2026091912,   , BEST,   0, 325N,  336W,  30, 1009, TD,   0, , 0, 0, 0, 0, 0, 0, 0, 0, 0, 0, 0, , 0, 0, SIX,TRANSITIONED, alA92026 to al062026, 
AL, 06, 2026091918,   , BEST,   0, 327N,  335W,  30, 1007, TD,   0, , 0, 0, 0, 0, 0, 0, 0, 0, 0, 0, 0, , 0, 0, SIX,
AL, 06, 2026092000,   , BEST,   0, 331N,  333W,  35, 1007, TS,   0, , 0, 0, 0, 0, 0, 0, 0, 0, 0, 0, 0, , 0, 0, SIX,
AL, 06, 2026092006,   , BEST,   0, 335N,  332W,  40, 1006, TS,   0, , 0, 0, 0, 0, 0, 0, 0, 0, 0, 0, 0, , 0, 0, SIX,
AL, 06, 2026092012,   , BEST,   0, 339N,  331W,  50, 1004, TS,   0, , 0, 0, 0, 0, 0, 0, 0, 0, 0, 0, 0, , 0, 0, FAY,
AL, 06, 2026092018,   , BEST,   0, 341N,  328W,  60,  999, TS,   0, , 0, 0, 0, 0, 0, 0, 0, 0, 0, 0, 0, , 0, 0, FAY,
AL, 06, 2026092021,   , BEST,   0, 342N,  325W,  65,  999, HU,   0, , 0, 0, 0, 0, 0, 0, 0, 0, 0, 0, 0, , 0, 0, FAY,
AL, 06, 2026092100,   , BEST,   0, 341N,  322W,  60,  995, TS,   0, , 0, 0, 0, 0, 0, 0, 0, 0, 0, 0, 0, , 0, 0, FAY,
AL, 06, 2026092106,   , BEST,   0, 339N,  320W,  55,  997, TS,   0, , 0, 0, 0, 0, 0, 0, 0, 0, 0, 0, 0, , 0, 0, FAY,
AL, 06, 2026092112,   , BEST,   0, 335N,  319W,  45, 1000, TS,   0, , 0, 0, 0, 0, 0, 0, 0, 0, 0, 0, 0, , 0, 0, FAY,
AL, 06, 2026092118,   , BEST,   0, 330N,  322W,  40, 1004, TS,   0, , 0, 0, 0, 0, 0, 0, 0, 0, 0, 0, 0, , 0, 0, FAY,
AL, 06, 2026092200,   , BEST,   0, 326N,  327W,  35, 1008, TS,   0, , 0, 0, 0, 0, 0, 0, 0, 0, 0, 0, 0, , 0, 0, FAY,
AL, 06, 2026092206,   , BEST,   0, 321N,  334W,  30, 1009, TD,   0, , 0, 0, 0, 0, 0, 0, 0, 0, 0, 0, 0, , 0, 0, FAY,
AL, 06, 2026092212,   , BEST,   0, 314N,  341W,  25, 1010, TD,   0, , 0, 0, 0, 0, 0, 0, 0, 0, 0, 0, 0, , 0, 0, FAY,
AL, 06, 2026092218,   , BEST,   0, 310N,  348W,  25, 1010, TD,   0, , 0, 0, 0, 0, 0, 0, 0, 0, 0, 0, 0, , 0, 0, FAY,
AL, 06, 2026092300,   , BEST,   0, 306N,  357W,  30, 1011, TD,   0, , 0, 0, 0, 0, 0, 0, 0, 0, 0, 0, 0, , 0, 0, FAY,
AL, 06, 2026092306,   , BEST,   0, 304N,  370W,  30, 1011, TD,   0, , 0, 0, 0, 0, 0, 0, 0, 0, 0, 0, 0, , 0, 0, FAY,
AL, 06, 2026092312,   , BEST,   0, 303N,  379W,  30, 1011, TD,   0, , 0, 0, 0, 0, 0, 0, 0, 0, 0, 0, 0, , 0, 0, FAY,
AL, 06, 2026092318,   , BEST,   0, 301N,  388W,  30, 1011, TD,   0, , 0, 0, 0, 0, 0, 0, 0, 0, 0, 0, 0, , 0, 0, FAY,
AL, 06, 2026092400,   , BEST,   0, 299N,  395W,  35, 1010, TS,   0, , 0, 0, 0, 0, 0, 0, 0, 0, 0, 0, 0, , 0, 0, FAY,
AL, 06, 2026092406,   , BEST,   0, 298N,  402W,  35, 1010, TS,   0, , 0, 0, 0, 0, 0, 0, 0, 0, 0, 0, 0, , 0, 0, FAY,
AL, 06, 2026092412,   , BEST,   0, 299N,  406W,  40, 1005, TS,   0, , 0, 0, 0, 0, 0, 0, 0, 0, 0, 0, 0, , 0, 0, FAY,
AL, 06, 2026092418,   , BEST,   0, 300N,  411W,  45, 1005, TS,   0, , 0, 0, 0, 0, 0, 0, 0, 0, 0, 0, 0, , 0, 0, FAY,
AL, 06, 2026092500,   , BEST,   0, 301N,  415W,  55, 1005, TS,   0, , 0, 0, 0, 0, 0, 0, 0, 0, 0, 0, 0, , 0, 0, FAY,
AL, 06, 2026092506,   , BEST,   0, 301N,  419W,  65, 1004, HU,   0, , 0, 0, 0, 0, 0, 0, 0, 0, 0, 0, 0, , 0, 0, FAY,
AL, 06, 2026092512,   , BEST,   0, 300N,  423W,  50, 1002, TS,   0, , 0, 0, 0, 0, 0, 0, 0, 0, 0, 0, 0, , 0, 0, FAY,
AL, 06, 2026092518,   , BEST,   0, 299N,  427W,  35, 1004, TS,   0, , 0, 0, 0, 0, 0, 0, 0, 0, 0, 0, 0, , 0, 0, FAY,
AL, 06, 2026092600,   , BEST,   0, 299N,  431W,  30, 1006, TD,   0, , 0, 0, 0, 0, 0, 0, 0, 0, 0, 0, 0, , 0, 0, FAY,
AL, 06, 2026092606,   , BEST,   0, 298N,  435W,  30, 1009, TD,   0, , 0, 0, 0, 0, 0, 0, 0, 0, 0, 0, 0, , 0, 0, FAY,
AL, 06, 2026092612,   , BEST,   0, 297N,  438W,  30, 1009, TD,   0, , 0, 0, 0, 0, 0, 0, 0, 0, 0, 0, 0, , 0, 0, FAY,
AL, 06, 2026092618,   , BEST,   0, 297N,  439W,  25, 1009, TD,   0, , 0, 0, 0, 0, 0, 0, 0, 0, 0, 0, 0, , 0, 0, FAY,
AL, 06, 2026092700,   , BEST,   0, 296N,  440W,  25, 1010, TD,   0, , 0, 0, 0, 0, 0, 0, 0, 0, 0, 0, 0, , 0, 0, FAY,
AL, 06, 2026092706,   , BEST,   0, 295N,  439W,  30, 1010, TD,   0, , 0, 0, 0, 0, 0, 0, 0, 0, 0, 0, 0, , 0, 0, FAY,
AL, 06, 2026092712,   , BEST,   0, 295N,  439W,  25, 1010, TD,   0, , 0, 0, 0, 0, 0, 0, 0, 0, 0, 0, 0, , 0, 0, FAY,
AL, 06, 2026092718,   , BEST,   0, 291N,  439W,  25, 1011, TD,   0, , 0, 0, 0, 0, 0, 0, 0, 0, 0, 0, 0, , 0, 0, FAY,
AL, 06, 2026092800,   , BEST,   0, 287N,  437W,  25, 1012, TD,   0, , 0, 0, 0, 0, 0, 0, 0, 0, 0, 0, 0, , 0, 0, FAY,
AL, 06, 2026092806,   , BEST,   0, 281N,  439W,  25, 1012, TD,   0, , 0, 0, 0, 0, 0, 0, 0, 0, 0, 0, 0, , 0, 0, FAY,
AL, 06, 2026092812,   , BEST,   0, 274N,  443W,  30, 1011, TD,   0, , 0, 0, 0, 0, 0, 0, 0, 0, 0, 0, 0, , 0, 0, FAY,
AL, 06, 2026092818,   , BEST,   0, 269N,  449W,  30, 1011, TD,   0, , 0, 0, 0, 0, 0, 0, 0, 0, 0, 0, 0, , 0, 0, FAY,
AL, 06, 2026092900,   , BEST,   0, 263N,  455W,  35, 1008, TS,   0, , 0, 0, 0, 0, 0, 0, 0, 0, 0, 0, 0, , 0, 0, FAY,
AL, 06, 2026092906,   , BEST,   0, 254N,  462W,  30, 1008, TD,   0, , 0, 0, 0, 0, 0, 0, 0, 0, 0, 0, 0, , 0, 0, FAY,
AL, 06, 2026092912,   , BEST,   0, 245N,  468W,  30, 1010, TD,   0, , 0, 0, 0, 0, 0, 0, 0, 0, 0, 0, 0, , 0, 0, FAY,
AL, 06, 2026092918,   , BEST,   0, 239N,  477W,  20, 1011, DB,   0, , 0, 0, 0, 0, 0, 0, 0, 0, 0, 0, 0, , 0, 0, FAY,
AL, 06, 2026093000,   , BEST,   0, 234N,  487W,  20, 1012, DB,   0, , 0, 0, 0, 0, 0, 0, 0, 0, 0, 0, 0, , 0, 0, FAY,
