WP, 91, 2026092218,   , CHP6, 0, 143N, 1400E,  20, 1006, DB,   0, , 0, 0, 0, 0, 0, 0, 0, 0, 0, 0, 0, , 0, 0, INVEST,
WP, 91, 2026092300,   , CHP6, 0, 151N, 1390E,  20, 1008, DB,   0, , 0, 0, 0, 0, 0, 0, 0, 0, 0, 0, 0, , 0, 0, INVEST,
WP, 25, 2026092306,   , CHP6, 0, 160N, 1380E,  30, 1005, TD,   0, , 0, 0, 0, 0, 0, 0, 0, 0, 0, 0, 0, , 0, 0, TWENTYFIVE,
WP, 25, 2026092312,   , CHP6, 0, 166N, 1370E,  35, 1005, TS,   0, , 0, 0, 0, 0, 0, 0, 0, 0, 0, 0, 0, , 0, 0, SURIGAE,
WP, 25, 2026092318,   , CHP6, 0, 173N, 1358E,  40, 1005, TS,   0, , 0, 0, 0, 0, 0, 0, 0, 0, 0, 0, 0, , 0, 0, SURIGAE,
WP, 25, 2026092400,   , CHP6, 0, 180N, 1345E,  41, 1004, TS,   0, , 0, 0, 0, 0, 0, 0, 0, 0, 0, 0, 0, , 0, 0, SURIGAE,
WP, 25, 2026092406,   , CHP6, 0, 186N, 1330E,  45,  998, TS,   0, , 0, 0, 0, 0, 0, 0, 0, 0, 0, 0, 0, , 0, 0, SURIGAE,
WP, 25, 2026092412,   , CHP6, 0, 188N, 1322E,  49,  995, TS,   0, , 0, 0, 0, 0, 0, 0, 0, 0, 0, 0, 0, , 0, 0, SURIGAE,
WP, 25, 2026092418,   , CHP6, 0, 190N, 1313E,  55,  992, TS,   0, , 0, 0, 0, 0, 0, 0, 0, 0, 0, 0, 0, , 0, 0, SURIGAE,
WP, 25, 2026092500,   , CHP6, 0, 193N, 1304E,  61,  989, TS,   0, , 0, 0, 0, 0, 0, 0, 0, 0, 0, 0, 0, , 0, 0, SURIGAE,
WP, 25, 2026092506,   , CHP6, 0, 198N, 1295E,  67,  986, TY,   0, , 0, 0, 0, 0, 0, 0, 0, 0, 0, 0, 0, , 0, 0, SURIGAE,
WP, 25, 2026092512,   , CHP6, 0, 204N, 1286E,  72,  983, TY,   0, , 0, 0, 0, 0, 0, 0, 0, 0, 0, 0, 0, , 0, 0, SURIGAE,
WP, 25, 2026092518,   , CHP6, 0, 209N, 1281E,  79,  977, TY,   0, , 0, 0, 0, 0, 0, 0, 0, 0, 0, 0, 0, , 0, 0, SURIGAE,
WP, 25, 2026092600,   , CHP6, 0, 214N, 1275E,  97,  961, TY,   0, , 0, 0, 0, 0, 0, 0, 0, 0, 0, 0, 0, , 0, 0, SURIGAE,
WP, 25, 2026092606,   , CHP6, 0, 220N, 1272E, 118,  940, TY,   0, , 0, 0, 0, 0, 0, 0, 0, 0, 0, 0, 0, , 0, 0, SURIGAE,
WP, 25, 2026092612,   , CHP6, 0, 226N, 1271E, 125,  930, TY,   0, , 0, 0, 0, 0, 0, 0, 0, 0, 0, 0, 0, , 0, 0, SURIGAE,
WP, 25, 2026092618,   , CHP6, 0, 231N, 1273E, 114,  940, TY,   0, , 0, 0, 0, 0, 0, 0, 0, 0, 0, 0, 0, , 0, 0, SURIGAE,
WP, 25, 2026092700,   , CHP6, 0, 237N, 1276E,  98,  956, TY,   0, , 0, 0, 0, 0, 0, 0, 0, 0, 0, 0, 0, , 0, 0, SURIGAE,
WP, 25, 2026092706,   , CHP6, 0, 242N, 1279E,  89,  965, TY,   0, , 0, 0, 0, 0, 0, 0, 0, 0, 0, 0, 0, , 0, 0, SURIGAE,
WP, 25, 2026092712,   , CHP6, 0, 246N, 1283E,  88,  970, TY,   0, , 0, 0, 0, 0, 0, 0, 0, 0, 0, 0, 0, , 0, 0, SURIGAE,
WP, 25, 2026092718,   , CHP6, 0, 250N, 1286E,  91,  965, TY,   0, , 0, 0, 0, 0, 0, 0, 0, 0, 0, 0, 0, , 0, 0, SURIGAE,
WP, 25, 2026092800,   , CHP6, 0, 253N, 1290E,  95,  963, TY,   0, , 0, 0, 0, 0, 0, 0, 0, 0, 0, 0, 0, , 0, 0, SURIGAE,
WP, 25, 2026092806,   , CHP6, 0, 255N, 1294E,  97,  963, TY,   0, , 0, 0, 0, 0, 0, 0, 0, 0, 0, 0, 0, , 0, 0, SURIGAE,
WP, 25, 2026092812,   , CHP6, 0, 258N, 1298E,  98,  961, TY,   0, , 0, 0, 0, 0, 0, 0, 0, 0, 0, 0, 0, , 0, 0, SURIGAE,
WP, 25, 2026092818,   , CHP6, 0, 261N, 1304E,  99,  961, TY,   0, , 0, 0, 0, 0, 0, 0, 0, 0, 0, 0, 0, , 0, 0, SURIGAE,
WP, 25, 2026092900,   , CHP6, 0, 265N, 1311E,  96,  963, TY,   0, , 0, 0, 0, 0, 0, 0, 0, 0, 0, 0, 0, , 0, 0, SURIGAE,
WP, 25, 2026092906,   , CHP6, 0, 269N, 1318E,  94,  976, TY,   0, , 0, 0, 0, 0, 0, 0, 0, 0, 0, 0, 0, , 0, 0, SURIGAE,
WP, 25, 2026092912,   , CHP6, 0, 274N, 1326E,  90,  977, TY,   0, , 0, 0, 0, 0, 0, 0, 0, 0, 0, 0, 0, , 0, 0, SURIGAE,
WP, 25, 2026092918,   , CHP6, 0, 282N, 1335E,  84,  980, TY,   0, , 0, 0, 0, 0, 0, 0, 0, 0, 0, 0, 0, , 0, 0, SURIGAE,
WP, 25, 2026093000,   , CHP6, 0, 290N, 1346E,  80,  983, TY,   0, , 0, 0, 0, 0, 0, 0, 0, 0, 0, 0, 0, , 0, 0, SURIGAE,
WP, 25, 2026093006,   , CHP6, 0, 296N, 1355E,  77,  986, TY,   0, , 0, 0, 0, 0, 0, 0, 0, 0, 0, 0, 0, , 0, 0, SURIGAE,
WP, 25, 2026093012,   , CHP6, 0, 304N, 1362E,  74,  986, TY,   0, , 0, 0, 0, 0, 0, 0, 0, 0, 0, 0, 0, , 0, 0, SURIGAE,
WP, 25, 2026093018,   , CHP6, 0, 311N, 1371E,  74,  986, TY,   0, , 0, 0, 0, 0, 0, 0, 0, 0, 0, 0, 0, , 0, 0, SURIGAE,
WP, 25, 2026100100,   , CHP6, 0, 317N, 1381E,  74,  986, TY,   0, , 0, 0, 0, 0, 0, 0, 0, 0, 0, 0, 0, , 0, 0, SURIGAE,
WP, 25, 2026100106,   , CHP6, 0, 322N, 1390E,  69,  988, TY,   0, , 0, 0, 0, 0, 0, 0, 0, 0, 0, 0, 0, , 0, 0, SURIGAE,
WP, 25, 2026100112,   , CHP6, 0, 327N, 1400E,  69,  988, TY,   0, , 0, 0, 0, 0, 0, 0, 0, 0, 0, 0, 0, , 0, 0, SURIGAE,
WP, 25, 2026100118,   , CHP6, 0, 332N, 1411E,  68,  988, TY,   0, , 0, 0, 0, 0, 0, 0, 0, 0, 0, 0, 0, , 0, 0, SURIGAE,
WP, 25, 2026100200,   , CHP6, 0, 337N, 1422E,  63,  990, TS,   0, , 0, 0, 0, 0, 0, 0, 0, 0, 0, 0, 0, , 0, 0, SURIGAE,
WP, 25, 2026100206,   , CHP6, 0, 343N, 1437E,  58,  990, TS,   0, , 0, 0, 0, 0, 0, 0, 0, 0, 0, 0, 0, , 0, 0, SURIGAE,
WP, 25, 2026100212,   , CHP6, 0, 351N, 1454E,  56,  991, TS,   0, , 0, 0, 0, 0, 0, 0, 0, 0, 0, 0, 0, , 0, 0, SURIGAE,
WP, 25, 2026100218,   , CHP6, 0, 359N, 1470E,  54,  992, TS,   0, , 0, 0, 0, 0, 0, 0, 0, 0, 0, 0, 0, , 0, 0, SURIGAE,
WP, 25, 2026100300,   , CHP6, 0, 374N, 1490E,  50,  993, TS,   0, , 0, 0, 0, 0, 0, 0, 0, 0, 0, 0, 0, , 0, 0, SURIGAE,
WP, 25, 2026100306,   , CHP6, 0, 388N, 1507E,  44,  994, TS,   0, , 0, 0, 0, 0, 0, 0, 0, 0, 0, 0, 0, , 0, 0, SURIGAE,
WP, 25, 2026100312,   , CHP6, 0, 402N, 1525E,  40,  995, TS,   0, , 0, 0, 0, 0, 0, 0, 0, 0, 0, 0, 0, , 0, 0, SURIGAE,
WP, 25, 2026100318,   , CHP6, 0, 415N, 1538E,  37,  996, TS,   0, , 0, 0, 0, 0, 0, 0, 0, 0, 0, 0, 0, , 0, 0, SURIGAE,
WP, 25, 2026100400,   , CHP6, 0, 433N, 1560E,  37,  997, TS,   0, , 0, 0, 0, 0, 0, 0, 0, 0, 0, 0, 0, , 0, 0, SURIGAE,
WP, 25, 2026100406,   , CHP6, 0, 450N, 1584E,  33,  999, EX,   0, , 0, 0, 0, 0, 0, 0, 0, 0, 0, 0, 0, , 0, 0, SURIGAE,
WP, 25, 2026100412,   , CHP6, 0, 465N, 1610E,  26,  999, EX,   0, , 0, 0, 0, 0, 0, 0, 0, 0, 0, 0, 0, , 0, 0, SURIGAE,
