SH, 95, 2014011412,   , CHP6, 0, 155S,  432E,  20, 1007, DB,   0, , 0, 0, 0, 0, 0, 0, 0, 0, 0, 0, 0, , 0, 0, INVEST,
SH, 95, 2014011418,   , CHP6, 0, 160S,  439E,  20, 1007, DB,   0, , 0, 0, 0, 0, 0, 0, 0, 0, 0, 0, 0, , 0, 0, INVEST,
SH, 95, 2014011500,   , CHP6, 0, 165S,  441E,  20, 1007, DB,   0, , 0, 0, 0, 0, 0, 0, 0, 0, 0, 0, 0, , 0, 0, INVEST,
SH, 95, 2014011506,   , CHP6, 0, 170S,  443E,  25, 1004, TD,   0, , 0, 0, 0, 0, 0, 0, 0, 0, 0, 0, 0, , 0, 0, INVEST,
SH, 95, 2014011512,   , CHP6, 0, 175S,  442E,  30, 1000, TD,   0, , 0, 0, 0, 0, 0, 0, 0, 0, 0, 0, 0, , 0, 0, INVEST,
SH, 95, 2014011518,   , CHP6, 0, 181S,  441E,  30, 1000, TD,   0, , 0, 0, 0, 0, 0, 0, 0, 0, 0, 0, 0, , 0, 0, INVEST,
SH, 95, 2014011600,   , CHP6, 0, 186S,  440E,  30, 1000, TD,   0, , 0, 0, 0, 0, 0, 0, 0, 0, 0, 0, 0, , 0, 0, INVEST,
SH, 95, 2014011606,   , CHP6, 0, 193S,  438E,  30, 1000, TD,   0, , 0, 0, 0, 0, 0, 0, 0, 0, 0, 0, 0, , 0, 0, INVEST,
SH, 09, 2014011612,   , CHP6, 0, 203S,  435E,  35,  996, TS,   0, , 0, 0, 0, 0, 0, 0, 0, 0, 0, 0, 0, , 0, 0, DELIWE,
SH, 09, 2014011618,   , CHP6, 0, 213S,  431E,  40,  993, TS,   0, , 0, 0, 0, 0, 0, 0, 0, 0, 0, 0, 0, , 0, 0, DELIWE,
SH, 09, 2014011700,   , CHP6, 0, 223S,  426E,  35,  999, TS,   0, , 0, 0, 0, 0, 0, 0, 0, 0, 0, 0, 0, , 0, 0, DELIWE,
SH, 09, 2014011706,   , CHP6, 0, 231S,  420E,  48,  994, TS,   0, , 0, 0, 0, 0, 0, 0, 0, 0, 0, 0, 0, , 0, 0, DELIWE,
SH, 09, 2014011712,   , CHP6, 0, 238S,  414E,  50,  993, TS,   0, , 0, 0, 0, 0, 0, 0, 0, 0, 0, 0, 0, , 0, 0, DELIWE,
SH, 09, 2014011718,   , CHP6, 0, 243S,  410E,  49,  993, TS,   0, , 0, 0, 0, 0, 0, 0, 0, 0, 0, 0, 0, , 0, 0, DELIWE,
SH, 09, 2014011800,   , CHP6, 0, 247S,  405E,  42,  995, TS,   0, , 0, 0, 0, 0, 0, 0, 0, 0, 0, 0, 0, , 0, 0, DELIWE,
SH, 09, 2014011806,   , CHP6, 0, 248S,  400E,  41,  996, TS,   0, , 0, 0, 0, 0, 0, 0, 0, 0, 0, 0, 0, , 0, 0, DELIWE,
SH, 09, 2014011812,   , CHP6, 0, 249S,  395E,  41,  996, TS,   0, , 0, 0, 0, 0, 0, 0, 0, 0, 0, 0, 0, , 0, 0, DELIWE,
SH, 09, 2014011818,   , CHP6, 0, 247S,  390E,  41,  996, TS,   0, , 0, 0, 0, 0, 0, 0, 0, 0, 0, 0, 0, , 0, 0, DELIWE,
SH, 09, 2014011900,   , CHP6, 0, 244S,  385E,  40,  996, TS,   0, , 0, 0, 0, 0, 0, 0, 0, 0, 0, 0, 0, , 0, 0, DELIWE,
SH, 09, 2014011906,   , CHP6, 0, 241S,  383E,  40,  996, TS,   0, , 0, 0, 0, 0, 0, 0, 0, 0, 0, 0, 0, , 0, 0, DELIWE,
SH, 09, 2014011912,   , CHP6, 0, 238S,  381E,  40,  996, TS,   0, , 0, 0, 0, 0, 0, 0, 0, 0, 0, 0, 0, , 0, 0, DELIWE,
SH, 09, 2014011918,   , CHP6, 0, 235S,  379E,  40,  996, TS,   0, , 0, 0, 0, 0, 0, 0, 0, 0, 0, 0, 0, , 0, 0, DELIWE,
SH, 09, 2014012000,   , CHP6, 0, 233S,  376E,  39,  996, TS,   0, , 0, 0, 0, 0, 0, 0, 0, 0, 0, 0, 0, , 0, 0, DELIWE,
SH, 09, 2014012006,   , CHP6, 0, 230S,  375E,  40,  996, TS,   0, , 0, 0, 0, 0, 0, 0, 0, 0, 0, 0, 0, , 0, 0, DELIWE,
SH, 09, 2014012012,   , CHP6, 0, 226S,  374E,  40,  996, TS,   0, , 0, 0, 0, 0, 0, 0, 0, 0, 0, 0, 0, , 0, 0, DELIWE,
SH, 09, 2014012018,   , CHP6, 0, 221S,  373E,  40,  996, TS,   0, , 0, 0, 0, 0, 0, 0, 0, 0, 0, 0, 0, , 0, 0, DELIWE,
SH, 09, 2014012100,   , CHP6, 0, 216S,  371E,  41,  995, TS,   0, , 0, 0, 0, 0, 0, 0, 0, 0, 0, 0, 0, , 0, 0, DELIWE,
SH, 09, 2014012106,   , CHP6, 0, 210S,  369E,  41,  995, TS,   0, , 0, 0, 0, 0, 0, 0, 0, 0, 0, 0, 0, , 0, 0, DELIWE,
SH, 09, 2014012112,   , CHP6, 0, 204S,  367E,  42,  996, TS,   0, , 0, 0, 0, 0, 0, 0, 0, 0, 0, 0, 0, , 0, 0, DELIWE,
SH, 09, 2014012118,   , CHP6, 0, 199S,  365E,  45,  994, TS,   0, , 0, 0, 0, 0, 0, 0, 0, 0, 0, 0, 0, , 0, 0, DELIWE,
SH, 09, 2014012200,   , CHP6, 0, 195S,  363E,  49,  992, TS,   0, , 0, 0, 0, 0, 0, 0, 0, 0, 0, 0, 0, , 0, 0, DELIWE,
SH, 09, 2014012206,   , CHP6, 0, 190S,  361E,  54,  990, TS,   0, , 0, 0, 0, 0, 0, 0, 0, 0, 0, 0, 0, , 0, 0, DELIWE,
SH, 09, 2014012212,   , CHP6, 0, 185S,  360E,  42,  994, TS,   0, , 0, 0, 0, 0, 0, 0, 0, 0, 0, 0, 0, , 0, 0, DELIWE,
SH, 09, 2014012218,   , CHP6, 0, 180S,  359E,  30,  996, TD,   0, , 0, 0, 0, 0, 0, 0, 0, 0, 0, 0, 0, , 0, 0, DELIWE,
SH, 09, 2014012300,   , CHP6, 0, 174S,  358E,  22,  997, DB,   0, , 0, 0, 0, 0, 0, 0, 0, 0, 0, 0, 0, , 0, 0, DELIWE,
SH, 09, 2014012306,   , CHP6, 0, 165S,  357E,  16,  998, DB,   0, , 0, 0, 0, 0, 0, 0, 0, 0, 0, 0, 0, , 0, 0, DELIWE,
