SH, 96, 2014030900,   , CHP6, 0, 174S, 1490E,  15, 1010, DB,   0, , 0, 0, 0, 0, 0, 0, 0, 0, 0, 0, 0, , 0, 0, INVEST,
SH, 96, 2014030906,   , CHP6, 0, 174S, 1498E,  20, 1007, DB,   0, , 0, 0, 0, 0, 0, 0, 0, 0, 0, 0, 0, , 0, 0, INVEST,
SH, 96, 2014030912,   , CHP6, 0, 179S, 1502E,  20, 1007, DB,   0, , 0, 0, 0, 0, 0, 0, 0, 0, 0, 0, 0, , 0, 0, INVEST,
SH, 96, 2014030918,   , CHP6, 0, 185S, 1504E,  25, 1004, TD,   0, , 0, 0, 0, 0, 0, 0, 0, 0, 0, 0, 0, , 0, 0, INVEST,
SH, 96, 2014031000,   , CHP6, 0, 187S, 1509E,  30, 1000, TD,   0, , 0, 0, 0, 0, 0, 0, 0, 0, 0, 0, 0, , 0, 0, INVEST,
SH, 19, 2014031006,   , CHP6, 0, 188S, 1512E,  35,  996, TS,   0, , 0, 0, 0, 0, 0, 0, 0, 0, 0, 0, 0, , 0, 0, HADI,
SH, 19, 2014031012,   , CHP6, 0, 186S, 1516E,  38,  993, TS,   0, , 0, 0, 0, 0, 0, 0, 0, 0, 0, 0, 0, , 0, 0, HADI,
SH, 19, 2014031018,   , CHP6, 0, 182S, 1519E,  40,  997, TS,   0, , 0, 0, 0, 0, 0, 0, 0, 0, 0, 0, 0, , 0, 0, HADI,
SH, 19, 2014031100,   , CHP6, 0, 175S, 1522E,  47,  996, TS,   0, , 0, 0, 0, 0, 0, 0, 0, 0, 0, 0, 0, , 0, 0, HADI,
SH, 19, 2014031106,   , CHP6, 0, 169S, 1525E,  52,  995, TS,   0, , 0, 0, 0, 0, 0, 0, 0, 0, 0, 0, 0, , 0, 0, HADI,
SH, 19, 2014031112,   , CHP6, 0, 162S, 1529E,  59,  993, TS,   0, , 0, 0, 0, 0, 0, 0, 0, 0, 0, 0, 0, , 0, 0, HADI,
SH, 19, 2014031118,   , CHP6, 0, 156S, 1537E,  70,  990, TY,   0, , 0, 0, 0, 0, 0, 0, 0, 0, 0, 0, 0, , 0, 0, HADI,
SH, 19, 2014031200,   , CHP6, 0, 149S, 1545E,  84,  985, TY,   0, , 0, 0, 0, 0, 0, 0, 0, 0, 0, 0, 0, , 0, 0, HADI,
SH, 19, 2014031206,   , CHP6, 0, 143S, 1557E, 104,  957, TY,   0, , 0, 0, 0, 0, 0, 0, 0, 0, 0, 0, 0, , 0, 0, HADI,
SH, 19, 2014031218,   , CHP6, 0, 136S, 1569E, 137,  920, ST,   0, , 0, 0, 0, 0, 0, 0, 0, 0, 0, 0, 0, , 0, 0, HADI,
SH, 19, 2014031300,   , CHP6, 0, 132S, 1582E, 156,  894, ST,   0, , 0, 0, 0, 0, 0, 0, 0, 0, 0, 0, 0, , 0, 0, HADI,
SH, 19, 2014031306,   , CHP6, 0, 128S, 1594E, 150,  901, ST,   0, , 0, 0, 0, 0, 0, 0, 0, 0, 0, 0, 0, , 0, 0, HADI,
SH, 19, 2014031312,   , CHP6, 0, 123S, 1606E, 148,  905, ST,   0, , 0, 0, 0, 0, 0, 0, 0, 0, 0, 0, 0, , 0, 0, HADI,
SH, 19, 2014031406,   , CHP6, 0, 120S, 1621E, 155,  897, ST,   0, , 0, 0, 0, 0, 0, 0, 0, 0, 0, 0, 0, , 0, 0, HADI,
SH, 19, 2014031412,   , CHP6, 0, 121S, 1634E, 157,  893, ST,   0, , 0, 0, 0, 0, 0, 0, 0, 0, 0, 0, 0, , 0, 0, HADI,
SH, 19, 2014031418,   , CHP6, 0, 122S, 1647E, 150,  902, ST,   0, , 0, 0, 0, 0, 0, 0, 0, 0, 0, 0, 0, , 0, 0, HADI,
SH, 19, 2014031500,   , CHP6, 0, 123S, 1660E, 142,  913, ST,   0, , 0, 0, 0, 0, 0, 0, 0, 0, 0, 0, 0, , 0, 0, HADI,
SH, 19, 2014031506,   , CHP6, 0, 125S, 1674E, 135,  923, ST,   0, , 0, 0, 0, 0, 0, 0, 0, 0, 0, 0, 0, , 0, 0, HADI,
SH, 19, 2014031512,   , CHP6, 0, 128S, 1688E, 128,  931, ST,   0, , 0, 0, 0, 0, 0, 0, 0, 0, 0, 0, 0, , 0, 0, HADI,
SH, 19, 2014031518,   , CHP6, 0, 132S, 1702E, 123,  937, TY,   0, , 0, 0, 0, 0, 0, 0, 0, 0, 0, 0, 0, , 0, 0, HADI,
SH, 19, 2014031600,   , CHP6, 0, 135S, 1716E, 127,  933, TY,   0, , 0, 0, 0, 0, 0, 0, 0, 0, 0, 0, 0, , 0, 0, HADI,
SH, 19, 2014031606,   , CHP6, 0, 139S, 1730E, 149,  906, ST,   0, , 0, 0, 0, 0, 0, 0, 0, 0, 0, 0, 0, , 0, 0, HADI,
SH, 19, 2014031612,   , CHP6, 0, 144S, 1745E, 128,  930, ST,   0, , 0, 0, 0, 0, 0, 0, 0, 0, 0, 0, 0, , 0, 0, HADI,
SH, 19, 2014031618,   , CHP6, 0, 149S, 1758E, 114,  937, TY,   0, , 0, 0, 0, 0, 0, 0, 0, 0, 0, 0, 0, , 0, 0, HADI,
SH, 19, 2014031700,   , CHP6, 0, 154S, 1769E, 102,  933, TY,   0, , 0, 0, 0, 0, 0, 0, 0, 0, 0, 0, 0, , 0, 0, HADI,
SH, 19, 2014031706,   , CHP6, 0, 160S, 1778E,  84,  906, TY,   0, , 0, 0, 0, 0, 0, 0, 0, 0, 0, 0, 0, , 0, 0, HADI,
SH, 19, 2014031712,   , CHP6, 0, 167S, 1785E,  68,  930, TY,   0, , 0, 0, 0, 0, 0, 0, 0, 0, 0, 0, 0, , 0, 0, HADI,
SH, 19, 2014031718,   , CHP6, 0, 175S, 1790E,  58,  937, TS,   0, , 0, 0, 0, 0, 0, 0, 0, 0, 0, 0, 0, , 0, 0, HADI,
SH, 19, 2014031800,   , CHP6, 0, 184S, 1794E,  50,  933, TS,   0, , 0, 0, 0, 0, 0, 0, 0, 0, 0, 0, 0, , 0, 0, HADI,
SH, 19, 2014031806,   , CHP6, 0, 194S, 1797E,  41,  906, TS,   0, , 0, 0, 0, 0, 0, 0, 0, 0, 0, 0, 0, , 0, 0, HADI,
SH, 19, 2014031812,   , CHP6, 0, 205S, 1799E,  35,  930, TS,   0, , 0, 0, 0, 0, 0, 0, 0, 0, 0, 0, 0, , 0, 0, HADI,
SH, 19, 2014031818,   , CHP6, 0, 217S, 1800E,  28,  937, TD,   0, , 0, 0, 0, 0, 0, 0, 0, 0, 0, 0, 0, , 0, 0, HADI,
SH, 19, 2014031900,   , CHP6, 0, 230S, 1798E,  22,  933, DB,   0, , 0, 0, 0, 0, 0, 0, 0, 0, 0, 0, 0, , 0, 0, HADI,
SH, 19, 2014031906,   , CHP6, 0, 245S, 1794E,  17,  906, DB,   0, , 0, 0, 0, 0, 0, 0, 0, 0, 0, 0, 0, , 0, 0, HADI,
