SH, 93, 2021011918,   , CHP6, 0, 126S, 1045E,  20, 1005, DB,   0, , 0, 0, 0, 0, 0, 0, 0, 0, 0, 0, 0, , 0, 0, INVEST,
SH, 93, 2021012000,   , CHP6, 0, 126S, 1027E,  20, 1005, DB,   0, , 0, 0, 0, 0, 0, 0, 0, 0, 0, 0, 0, , 0, 0, INVEST,
SH, 93, 2021012006,   , CHP6, 0, 127S, 1010E,  30, 1003, TD,   0, , 0, 0, 0, 0, 0, 0, 0, 0, 0, 0, 0, , 0, 0, INVEST,
SH, 13, 2021012012,   , CHP6, 0, 126S,  997E,  35, 1001, TS,   0, , 0, 0, 0, 0, 0, 0, 0, 0, 0, 0, 0, , 0, 0, THIRTEEN,
SH, 13, 2021012018,   , CHP6, 0, 126S,  986E,  35, 1000, TS,   0, , 0, 0, 0, 0, 0, 0, 0, 0, 0, 0, 0, , 0, 0, THIRTEEN,
SH, 13, 2021012100,   , CHP6, 0, 126S,  977E,  35,  999, TS,   0, , 0, 0, 0, 0, 0, 0, 0, 0, 0, 0, 0, , 0, 0, THIRTEEN,
SH, 13, 2021012106,   , CHP6, 0, 126S,  972E,  38,  998, TS,   0, , 0, 0, 0, 0, 0, 0, 0, 0, 0, 0, 0, , 0, 0, THIRTEEN,
SH, 13, 2021012112,   , CHP6, 0, 126S,  967E,  40,  997, TS,   0, , 0, 0, 0, 0, 0, 0, 0, 0, 0, 0, 0, , 0, 0, THIRTEEN,
SH, 13, 2021012118,   , CHP6, 0, 126S,  963E,  42,  996, TS,   0, , 0, 0, 0, 0, 0, 0, 0, 0, 0, 0, 0, , 0, 0, THIRTEEN,
SH, 13, 2021012200,   , CHP6, 0, 128S,  961E,  45,  994, TS,   0, , 0, 0, 0, 0, 0, 0, 0, 0, 0, 0, 0, , 0, 0, THIRTEEN,
SH, 13, 2021012206,   , CHP6, 0, 130S,  959E,  48,  993, TS,   0, , 0, 0, 0, 0, 0, 0, 0, 0, 0, 0, 0, , 0, 0, THIRTEEN,
SH, 13, 2021012212,   , CHP6, 0, 133S,  958E,  51,  991, TS,   0, , 0, 0, 0, 0, 0, 0, 0, 0, 0, 0, 0, , 0, 0, THIRTEEN,
SH, 13, 2021012218,   , CHP6, 0, 136S,  957E,  54,  990, TS,   0, , 0, 0, 0, 0, 0, 0, 0, 0, 0, 0, 0, , 0, 0, THIRTEEN,
SH, 13, 2021012300,   , CHP6, 0, 138S,  957E,  56,  989, TS,   0, , 0, 0, 0, 0, 0, 0, 0, 0, 0, 0, 0, , 0, 0, THIRTEEN,
SH, 13, 2021012306,   , CHP6, 0, 141S,  956E,  58,  987, TS,   0, , 0, 0, 0, 0, 0, 0, 0, 0, 0, 0, 0, , 0, 0, THIRTEEN,
SH, 13, 2021012312,   , CHP6, 0, 143S,  955E,  60,  986, TS,   0, , 0, 0, 0, 0, 0, 0, 0, 0, 0, 0, 0, , 0, 0, THIRTEEN,
SH, 13, 2021012318,   , CHP6, 0, 145S,  954E,  61,  985, TS,   0, , 0, 0, 0, 0, 0, 0, 0, 0, 0, 0, 0, , 0, 0, THIRTEEN,
SH, 13, 2021012400,   , CHP6, 0, 147S,  953E,  64,  984, TY,   0, , 0, 0, 0, 0, 0, 0, 0, 0, 0, 0, 0, , 0, 0, THIRTEEN,
SH, 13, 2021012406,   , CHP6, 0, 149S,  951E,  66,  982, TY,   0, , 0, 0, 0, 0, 0, 0, 0, 0, 0, 0, 0, , 0, 0, THIRTEEN,
SH, 13, 2021012412,   , CHP6, 0, 152S,  949E,  68,  981, TY,   0, , 0, 0, 0, 0, 0, 0, 0, 0, 0, 0, 0, , 0, 0, THIRTEEN,
SH, 13, 2021012418,   , CHP6, 0, 155S,  947E,  69,  980, TY,   0, , 0, 0, 0, 0, 0, 0, 0, 0, 0, 0, 0, , 0, 0, THIRTEEN,
SH, 13, 2021012500,   , CHP6, 0, 158S,  945E,  71,  979, TY,   0, , 0, 0, 0, 0, 0, 0, 0, 0, 0, 0, 0, , 0, 0, THIRTEEN,
SH, 13, 2021012506,   , CHP6, 0, 161S,  942E,  74,  977, TY,   0, , 0, 0, 0, 0, 0, 0, 0, 0, 0, 0, 0, , 0, 0, THIRTEEN,
SH, 13, 2021012512,   , CHP6, 0, 163S,  940E,  77,  974, TY,   0, , 0, 0, 0, 0, 0, 0, 0, 0, 0, 0, 0, , 0, 0, THIRTEEN,
SH, 13, 2021012518,   , CHP6, 0, 165S,  937E,  81,  971, TY,   0, , 0, 0, 0, 0, 0, 0, 0, 0, 0, 0, 0, , 0, 0, THIRTEEN,
SH, 13, 2021012600,   , CHP6, 0, 167S,  934E,  85,  968, TY,   0, , 0, 0, 0, 0, 0, 0, 0, 0, 0, 0, 0, , 0, 0, THIRTEEN,
SH, 13, 2021012606,   , CHP6, 0, 170S,  931E,  89,  964, TY,   0, , 0, 0, 0, 0, 0, 0, 0, 0, 0, 0, 0, , 0, 0, THIRTEEN,
SH, 13, 2021012612,   , CHP6, 0, 174S,  927E,  77,  976, TY,   0, , 0, 0, 0, 0, 0, 0, 0, 0, 0, 0, 0, , 0, 0, THIRTEEN,
SH, 13, 2021012618,   , CHP6, 0, 179S,  923E,  64,  984, TY,   0, , 0, 0, 0, 0, 0, 0, 0, 0, 0, 0, 0, , 0, 0, THIRTEEN,
SH, 13, 2021012700,   , CHP6, 0, 185S,  919E,  53,  990, TS,   0, , 0, 0, 0, 0, 0, 0, 0, 0, 0, 0, 0, , 0, 0, THIRTEEN,
SH, 13, 2021012706,   , CHP6, 0, 190S,  914E,  44,  993, TS,   0, , 0, 0, 0, 0, 0, 0, 0, 0, 0, 0, 0, , 0, 0, THIRTEEN,
SH, 13, 2021012712,   , CHP6, 0, 194S,  902E,  36,  995, TS,   0, , 0, 0, 0, 0, 0, 0, 0, 0, 0, 0, 0, , 0, 0, THIRTEEN,
SH, 13, 2021012718,   , CHP6, 0, 192S,  889E,  22,  998, DB,   0, , 0, 0, 0, 0, 0, 0, 0, 0, 0, 0, 0, , 0, 0, THIRTEEN,
SH, 13, 2021012800,   , CHP6, 0, 188S,  872E,  16,  999, DB,   0, , 0, 0, 0, 0, 0, 0, 0, 0, 0, 0, 0, , 0, 0, THIRTEEN,
