EP, 97, 2026071712,   , BEST,   0,  93N, 1033W,  20, 1009, DB,   0, , 0, 0, 0, 0, 0, 0, 0, 0, 0, 0, 0, , 0, 0, INVEST,
EP, 97, 2026071718,   , BEST,   0,  97N, 1042W,  20, 1009, DB,   0, , 0, 0, 0, 0, 0, 0, 0, 0, 0, 0, 0, , 0, 0, INVEST,
EP, 97, 2026071800,   , BEST,   0, 100N, 1049W,  20, 1009, DB,   0, , 0, 0, 0, 0, 0, 0, 0, 0, 0, 0, 0, , 0, 0, INVEST,
EP, 97, 2026071806,   , BEST,   0, 102N, 1056W,  20, 1009, DB,   0, , 0, 0, 0, 0, 0, 0, 0, 0, 0, 0, 0, , 0, 0, INVEST,
EP, 97, 2026071812,   , BEST,   0, 105N, 1064W,  20, 1009, DB,   0, , 0, 0, 0, 0, 0, 0, 0, 0, 0, 0, 0, , 0, 0, INVEST,
EP, 97, 2026071818,   , BEST,   0, 108N, 1075W,  20, 1008, DB,   0, , 0, 0, 0, 0, 0, 0, 0, 0, 0, 0, 0, , 0, 0, INVEST,
EP, 06, 2026071900,   , BEST,   0, 112N, 1087W,  30, 1008, TD,   0, , 0, 0, 0, 0, 0, 0, 0, 0, 0, 0, 0, , 0, 0, SIX,TRANSITIONED, epA72026 to ep062026, 
EP, 06, 2026071906,   , BEST,   0, 117N, 1100W,  30, 1007, TD,   0, , 0, 0, 0, 0, 0, 0, 0, 0, 0, 0, 0, , 0, 0, SIX,
EP, 06, 2026071912,   , BEST,   0, 120N, 1109W,  35, 1006, TS,   0, , 0, 0, 0, 0, 0, 0, 0, 0, 0, 0, 0, , 0, 0, SIX,
EP, 06, 2026071918,   , BEST,   0, 122N, 1121W,  40, 1005, TS,   0, , 0, 0, 0, 0, 0, 0, 0, 0, 0, 0, 0, , 0, 0, FAUSTO,
EP, 06, 2026072000,   , BEST,   0, 125N, 1136W,  45, 1002, TS,   0, , 0, 0, 0, 0, 0, 0, 0, 0, 0, 0, 0, , 0, 0, FAUSTO,
EP, 06, 2026072006,   , BEST,   0, 127N, 1148W,  50,  999, TS,   0, , 0, 0, 0, 0, 0, 0, 0, 0, 0, 0, 0, , 0, 0, FAUSTO,
EP, 06, 2026072012,   , BEST,   0, 132N, 1159W,  55,  996, TS,   0, , 0, 0, 0, 0, 0, 0, 0, 0, 0, 0, 0, , 0, 0, FAUSTO,
EP, 06, 2026072018,   , BEST,   0, 138N, 1165W,  70,  984, HU,   0, , 0, 0, 0, 0, 0, 0, 0, 0, 0, 0, 0, , 0, 0, FAUSTO,
EP, 06, 2026072100,   , BEST,   0, 144N, 1170W,  65,  988, HU,   0, , 0, 0, 0, 0, 0, 0, 0, 0, 0, 0, 0, , 0, 0, FAUSTO,
EP, 06, 2026072106,   , BEST,   0, 151N, 1176W,  65,  985, HU,   0, , 0, 0, 0, 0, 0, 0, 0, 0, 0, 0, 0, , 0, 0, FAUSTO,
EP, 06, 2026072112,   , BEST,   0, 158N, 1183W,  65,  986, HU,   0, , 0, 0, 0, 0, 0, 0, 0, 0, 0, 0, 0, , 0, 0, FAUSTO,
EP, 06, 2026072118,   , BEST,   0, 163N, 1192W,  60,  987, TS,   0, , 0, 0, 0, 0, 0, 0, 0, 0, 0, 0, 0, , 0, 0, FAUSTO,
EP, 06, 2026072200,   , BEST,   0, 165N, 1198W,  60,  984, TS,   0, , 0, 0, 0, 0, 0, 0, 0, 0, 0, 0, 0, , 0, 0, FAUSTO,
EP, 06, 2026072206,   , BEST,   0, 166N, 1204W,  55,  981, TS,   0, , 0, 0, 0, 0, 0, 0, 0, 0, 0, 0, 0, , 0, 0, FAUSTO,
EP, 06, 2026072212,   , BEST,   0, 168N, 1210W,  50,  983, TS,   0, , 0, 0, 0, 0, 0, 0, 0, 0, 0, 0, 0, , 0, 0, FAUSTO,
EP, 06, 2026072218,   , BEST,   0, 171N, 1217W,  55,  983, TS,   0, , 0, 0, 0, 0, 0, 0, 0, 0, 0, 0, 0, , 0, 0, FAUSTO,
EP, 06, 2026072300,   , BEST,   0, 174N, 1225W,  60,  982, TS,   0, , 0, 0, 0, 0, 0, 0, 0, 0, 0, 0, 0, , 0, 0, FAUSTO,
EP, 06, 2026072306,   , BEST,   0, 177N, 1235W,  65,  982, HU,   0, , 0, 0, 0, 0, 0, 0, 0, 0, 0, 0, 0, , 0, 0, FAUSTO,
EP, 06, 2026072312,   , BEST,   0, 179N, 1248W,  55,  982, TS,   0, , 0, 0, 0, 0, 0, 0, 0, 0, 0, 0, 0, , 0, 0, FAUSTO,
EP, 06, 2026072318,   , BEST,   0, 181N, 1262W,  65,  980, HU,   0, , 0, 0, 0, 0, 0, 0, 0, 0, 0, 0, 0, , 0, 0, FAUSTO,
EP, 06, 2026072400,   , BEST,   0, 182N, 1277W,  70,  976, HU,   0, , 0, 0, 0, 0, 0, 0, 0, 0, 0, 0, 0, , 0, 0, FAUSTO,
EP, 06, 2026072406,   , BEST,   0, 183N, 1292W,  80,  976, HU,   0, , 0, 0, 0, 0, 0, 0, 0, 0, 0, 0, 0, , 0, 0, FAUSTO,
EP, 06, 2026072412,   , BEST,   0, 184N, 1306W,  85,  967, HU,   0, , 0, 0, 0, 0, 0, 0, 0, 0, 0, 0, 0, , 0, 0, FAUSTO,
EP, 06, 2026072418,   , BEST,   0, 185N, 1320W,  80,  967, HU,   0, , 0, 0, 0, 0, 0, 0, 0, 0, 0, 0, 0, , 0, 0, FAUSTO,
EP, 06, 2026072500,   , BEST,   0, 186N, 1333W,  75,  967, HU,   0, , 0, 0, 0, 0, 0, 0, 0, 0, 0, 0, 0, , 0, 0, FAUSTO,
EP, 06, 2026072506,   , BEST,   0, 188N, 1346W,  70,  971, HU,   0, , 0, 0, 0, 0, 0, 0, 0, 0, 0, 0, 0, , 0, 0, FAUSTO,
EP, 06, 2026072512,   , BEST,   0, 190N, 1359W,  70,  971, HU,   0, , 0, 0, 0, 0, 0, 0, 0, 0, 0, 0, 0, , 0, 0, FAUSTO,
EP, 06, 2026072518,   , BEST,   0, 192N, 1370W,  80,  971, HU,   0, , 0, 0, 0, 0, 0, 0, 0, 0, 0, 0, 0, , 0, 0, FAUSTO,
EP, 06, 2026072600,   , BEST,   0, 194N, 1382W,  70,  971, HU,   0, , 0, 0, 0, 0, 0, 0, 0, 0, 0, 0, 0, , 0, 0, FAUSTO,
EP, 06, 2026072606,   , BEST,   0, 196N, 1393W,  65,  974, HU,   0, , 0, 0, 0, 0, 0, 0, 0, 0, 0, 0, 0, , 0, 0, FAUSTO,
EP, 06, 2026072612,   , BEST,   0, 198N, 1405W,  55,  977, TS,   0, , 0, 0, 0, 0, 0, 0, 0, 0, 0, 0, 0, , 0, 0, FAUSTO,
EP, 06, 2026072618,   , BEST,   0, 199N, 1417W,  65,  982, HU,   0, , 0, 0, 0, 0, 0, 0, 0, 0, 0, 0, 0, , 0, 0, FAUSTO,
EP, 06, 2026072700,   , BEST,   0, 200N, 1430W,  75,  984, HU,   0, , 0, 0, 0, 0, 0, 0, 0, 0, 0, 0, 0, , 0, 0, FAUSTO,
EP, 06, 2026072706,   , BEST,   0, 202N, 1442W,  60,  984, TS,   0, , 0, 0, 0, 0, 0, 0, 0, 0, 0, 0, 0, , 0, 0, FAUSTO,
EP, 06, 2026072712,   , BEST,   0, 205N, 1455W,  55,  986, TS,   0, , 0, 0, 0, 0, 0, 0, 0, 0, 0, 0, 0, , 0, 0, FAUSTO,
EP, 06, 2026072718,   , BEST,   0, 211N, 1468W,  50,  994, TS,   0, , 0, 0, 0, 0, 0, 0, 0, 0, 0, 0, 0, , 0, 0, FAUSTO,
EP, 06, 2026072800,   , BEST,   0, 215N, 1483W,  45,  996, TS,   0, , 0, 0, 0, 0, 0, 0, 0, 0, 0, 0, 0, , 0, 0, FAUSTO,
EP, 06, 2026072806,   , BEST,   0, 218N, 1497W,  45,  999, TS,   0, , 0, 0, 0, 0, 0, 0, 0, 0, 0, 0, 0, , 0, 0, FAUSTO,
EP, 06, 2026072812,   , BEST,   0, 221N, 1507W,  40, 1004, TS,   0, , 0, 0, 0, 0, 0, 0, 0, 0, 0, 0, 0, , 0, 0, FAUSTO,
EP, 06, 2026072818,   , BEST,   0, 224N, 1517W,  35, 1005, TS,   0, , 0, 0, 0, 0, 0, 0, 0, 0, 0, 0, 0, , 0, 0, FAUSTO,
EP, 06, 2026072900,   , BEST,   0, 229N, 1528W,  30, 1007, TD,   0, , 0, 0, 0, 0, 0, 0, 0, 0, 0, 0, 0, , 0, 0, FAUSTO,
EP, 06, 2026072906,   , BEST,   0, 232N, 1539W,  30, 1007, TD,   0, , 0, 0, 0, 0, 0, 0, 0, 0, 0, 0, 0, , 0, 0, FAUSTO,
EP, 06, 2026072912,   , BEST,   0, 235N, 1550W,  25, 1008, TD,   0, , 0, 0, 0, 0, 0, 0, 0, 0, 0, 0, 0, , 0, 0, FAUSTO,
EP, 06, 2026072918,   , BEST,   0, 238N, 1563W,  20, 1009, DB,   0, , 0, 0, 0, 0, 0, 0, 0, 0, 0, 0, 0, , 0, 0, FAUSTO,
EP, 06, 2026073000,   , BEST,   0, 241N, 1576W,  20, 1009, DB,   0, , 0, 0, 0, 0, 0, 0, 0, 0, 0, 0, 0, , 0, 0, FAUSTO,



