EP, 93, 2026082612,   , BEST,   0,  91N, 1070W,  20, 1007, DB,   0, , 0, 0, 0, 0, 0, 0, 0, 0, 0, 0, 0, , 0, 0, INVEST,
EP, 93, 2026082618,   , BEST,   0,  92N, 1078W,  20, 1007, DB,   0, , 0, 0, 0, 0, 0, 0, 0, 0, 0, 0, 0, , 0, 0, INVEST,
EP, 93, 2026082700,   , BEST,   0,  93N, 1087W,  20, 1006, DB,   0, , 0, 0, 0, 0, 0, 0, 0, 0, 0, 0, 0, , 0, 0, INVEST,
EP, 93, 2026082706,   , BEST,   0,  95N, 1097W,  30, 1006, LO,   0, , 0, 0, 0, 0, 0, 0, 0, 0, 0, 0, 0, , 0, 0, INVEST,
EP, 93, 2026082712,   , BEST,   0, 100N, 1107W,  30, 1006, LO,   0, , 0, 0, 0, 0, 0, 0, 0, 0, 0, 0, 0, , 0, 0, INVEST,
EP, 11, 2026082718,   , BEST,   0, 108N, 1115W,  35, 1001, LO,   0, , 0, 0, 0, 0, 0, 0, 0, 0, 0, 0, 0, , 0, 0, KARINA,TRANSITIONED, epB32026 to ep112026, 
EP, 11, 2026082800,   , BEST,   0, 116N, 1127W,  45, 1000, LO,   0, , 0, 0, 0, 0, 0, 0, 0, 0, 0, 0, 0, , 0, 0, KARINA,
EP, 11, 2026082806,   , BEST,   0, 120N, 1138W,  45,  999, LO,   0, , 0, 0, 0, 0, 0, 0, 0, 0, 0, 0, 0, , 0, 0, KARINA,
EP, 11, 2026082812,   , BEST,   0, 127N, 1147W,  50,  995, TS,   0, , 0, 0, 0, 0, 0, 0, 0, 0, 0, 0, 0, , 0, 0, KARINA,
EP, 11, 2026082818,   , BEST,   0, 134N, 1152W,  55,  990, TS,   0, , 0, 0, 0, 0, 0, 0, 0, 0, 0, 0, 0, , 0, 0, KARINA,
EP, 11, 2026082900,   , BEST,   0, 141N, 1159W,  55,  990, TS,   0, , 0, 0, 0, 0, 0, 0, 0, 0, 0, 0, 0, , 0, 0, KARINA,
EP, 11, 2026082906,   , BEST,   0, 146N, 1166W,  55,  989, TS,   0, , 0, 0, 0, 0, 0, 0, 0, 0, 0, 0, 0, , 0, 0, KARINA,
EP, 11, 2026082912,   , BEST,   0, 153N, 1172W,  60,  989, TS,   0, , 0, 0, 0, 0, 0, 0, 0, 0, 0, 0, 0, , 0, 0, KARINA,
EP, 11, 2026082918,   , BEST,   0, 161N, 1183W,  60,  987, TS,   0, , 0, 0, 0, 0, 0, 0, 0, 0, 0, 0, 0, , 0, 0, KARINA,
EP, 11, 2026083000,   , BEST,   0, 167N, 1196W,  70,  987, HU,   0, , 0, 0, 0, 0, 0, 0, 0, 0, 0, 0, 0, , 0, 0, KARINA,
EP, 11, 2026083006,   , BEST,   0, 172N, 1207W,  75,  983, HU,   0, , 0, 0, 0, 0, 0, 0, 0, 0, 0, 0, 0, , 0, 0, KARINA,
EP, 11, 2026083012,   , BEST,   0, 173N, 1217W,  80,  980, HU,   0, , 0, 0, 0, 0, 0, 0, 0, 0, 0, 0, 0, , 0, 0, KARINA,
EP, 11, 2026083018,   , BEST,   0, 172N, 1225W,  90,  966, HU,   0, , 0, 0, 0, 0, 0, 0, 0, 0, 0, 0, 0, , 0, 0, KARINA,
EP, 11, 2026083100,   , BEST,   0, 171N, 1233W, 105,  954, HU,   0, , 0, 0, 0, 0, 0, 0, 0, 0, 0, 0, 0, , 0, 0, KARINA,
EP, 11, 2026083106,   , BEST,   0, 172N, 1240W, 110,  945, HU,   0, , 0, 0, 0, 0, 0, 0, 0, 0, 0, 0, 0, , 0, 0, KARINA,
EP, 11, 2026083112,   , BEST,   0, 173N, 1248W, 105,  945, HU,   0, , 0, 0, 0, 0, 0, 0, 0, 0, 0, 0, 0, , 0, 0, KARINA,
EP, 11, 2026083118,   , BEST,   0, 175N, 1256W, 110,  950, HU,   0, , 0, 0, 0, 0, 0, 0, 0, 0, 0, 0, 0, , 0, 0, KARINA,
EP, 11, 2026090100,   , BEST,   0, 177N, 1266W, 115,  950, HU,   0, , 0, 0, 0, 0, 0, 0, 0, 0, 0, 0, 0, , 0, 0, KARINA,
EP, 11, 2026090106,   , BEST,   0, 179N, 1277W, 125,  945, HU,   0, , 0, 0, 0, 0, 0, 0, 0, 0, 0, 0, 0, , 0, 0, KARINA,
EP, 11, 2026090112,   , BEST,   0, 180N, 1288W, 125,  945, HU,   0, , 0, 0, 0, 0, 0, 0, 0, 0, 0, 0, 0, , 0, 0, KARINA,
EP, 11, 2026090118,   , BEST,   0, 181N, 1299W, 120,  949, HU,   0, , 0, 0, 0, 0, 0, 0, 0, 0, 0, 0, 0, , 0, 0, KARINA,
EP, 11, 2026090200,   , BEST,   0, 183N, 1307W, 130,  946, HU,   0, , 0, 0, 0, 0, 0, 0, 0, 0, 0, 0, 0, , 0, 0, KARINA,
EP, 11, 2026090206,   , BEST,   0, 185N, 1314W, 125,  940, HU,   0, , 0, 0, 0, 0, 0, 0, 0, 0, 0, 0, 0, , 0, 0, KARINA,
EP, 11, 2026090212,   , BEST,   0, 187N, 1323W, 120,  940, HU,   0, , 0, 0, 0, 0, 0, 0, 0, 0, 0, 0, 0, , 0, 0, KARINA,
EP, 11, 2026090218,   , BEST,   0, 190N, 1333W, 110,  943, HU,   0, , 0, 0, 0, 0, 0, 0, 0, 0, 0, 0, 0, , 0, 0, KARINA,
EP, 11, 2026090300,   , BEST,   0, 193N, 1342W, 105,  947, HU,   0, , 0, 0, 0, 0, 0, 0, 0, 0, 0, 0, 0, , 0, 0, KARINA,
EP, 11, 2026090306,   , BEST,   0, 195N, 1352W,  95,  957, HU,   0, , 0, 0, 0, 0, 0, 0, 0, 0, 0, 0, 0, , 0, 0, KARINA,
EP, 11, 2026090312,   , BEST,   0, 197N, 1362W, 100,  961, HU,   0, , 0, 0, 0, 0, 0, 0, 0, 0, 0, 0, 0, , 0, 0, KARINA,
EP, 11, 2026090318,   , BEST,   0, 199N, 1372W,  95,  969, HU,   0, , 0, 0, 0, 0, 0, 0, 0, 0, 0, 0, 0, , 0, 0, KARINA,
EP, 11, 2026090400,   , BEST,   0, 200N, 1380W,  90,  969, HU,   0, , 0, 0, 0, 0, 0, 0, 0, 0, 0, 0, 0, , 0, 0, KARINA,
EP, 11, 2026090406,   , BEST,   0, 201N, 1389W,  80,  972, HU,   0, , 0, 0, 0, 0, 0, 0, 0, 0, 0, 0, 0, , 0, 0, KARINA,
EP, 11, 2026090412,   , BEST,   0, 203N, 1399W,  75,  972, HU,   0, , 0, 0, 0, 0, 0, 0, 0, 0, 0, 0, 0, , 0, 0, KARINA,
EP, 11, 2026090418,   , BEST,   0, 204N, 1407W,  75,  978, HU,   0, , 0, 0, 0, 0, 0, 0, 0, 0, 0, 0, 0, , 0, 0, KARINA,
EP, 11, 2026090500,   , BEST,   0, 207N, 1416W,  70,  978, HU,   0, , 0, 0, 0, 0, 0, 0, 0, 0, 0, 0, 0, , 0, 0, KARINA,
EP, 11, 2026090506,   , BEST,   0, 211N, 1421W,  65,  984, HU,   0, , 0, 0, 0, 0, 0, 0, 0, 0, 0, 0, 0, , 0, 0, KARINA,
EP, 11, 2026090512,   , BEST,   0, 214N, 1426W,  65,  985, HU,   0, , 0, 0, 0, 0, 0, 0, 0, 0, 0, 0, 0, , 0, 0, KARINA,
EP, 11, 2026090518,   , BEST,   0, 216N, 1432W,  60,  988, TS,   0, , 0, 0, 0, 0, 0, 0, 0, 0, 0, 0, 0, , 0, 0, KARINA,
EP, 11, 2026090600,   , BEST,   0, 218N, 1437W,  60,  993, TS,   0, , 0, 0, 0, 0, 0, 0, 0, 0, 0, 0, 0, , 0, 0, KARINA,
EP, 11, 2026090606,   , BEST,   0, 222N, 1441W,  60,  990, TS,   0, , 0, 0, 0, 0, 0, 0, 0, 0, 0, 0, 0, , 0, 0, KARINA,
EP, 11, 2026090612,   , BEST,   0, 225N, 1446W,  45,  992, TS,   0, , 0, 0, 0, 0, 0, 0, 0, 0, 0, 0, 0, , 0, 0, KARINA,
EP, 11, 2026090618,   , BEST,   0, 228N, 1451W,  35,  995, TS,   0, , 0, 0, 0, 0, 0, 0, 0, 0, 0, 0, 0, , 0, 0, KARINA,
EP, 11, 2026090700,   , BEST,   0, 230N, 1457W,  35,  996, TS,   0, , 0, 0, 0, 0, 0, 0, 0, 0, 0, 0, 0, , 0, 0, KARINA,
EP, 11, 2026090706,   , BEST,   0, 231N, 1465W,  30,  997, TD,   0, , 0, 0, 0, 0, 0, 0, 0, 0, 0, 0, 0, , 0, 0, KARINA,
EP, 11, 2026090712,   , BEST,   0, 232N, 1474W,  30,  997, TD,   0, , 0, 0, 0, 0, 0, 0, 0, 0, 0, 0, 0, , 0, 0, KARINA,
EP, 11, 2026090718,   , BEST,   0, 234N, 1485W,  30,  997, TD,   0, , 0, 0, 0, 0, 0, 0, 0, 0, 0, 0, 0, , 0, 0, KARINA,
EP, 11, 2026090800,   , BEST,   0, 236N, 1498W,  20,  997, DB,   0, , 0, 0, 0, 0, 0, 0, 0, 0, 0, 0, 0, , 0, 0, KARINA,
EP, 11, 2026090806,   , BEST,   0, 238N, 1510W,  20,  998, DB,   0, , 0, 0, 0, 0, 0, 0, 0, 0, 0, 0, 0, , 0, 0, KARINA,
