EP, 99, 2026091918,   , BEST,   0, 118N, 1062W,  20, 1008, DB,   0, , 0, 0, 0, 0, 0, 0, 0, 0, 0, 0, 0, , 0, 0, INVEST,
EP, 99, 2026092000,   , BEST,   0, 126N, 1061W,  20, 1007, DB,   0, , 0, 0, 0, 0, 0, 0, 0, 0, 0, 0, 0, , 0, 0, INVEST,
EP, 99, 2026092006,   , BEST,   0, 134N, 1058W,  25, 1007, TD,   0, , 0, 0, 0, 0, 0, 0, 0, 0, 0, 0, 0, , 0, 0, INVEST,
EP, 99, 2026092012,   , BEST,   0, 140N, 1055W,  25, 1007, TD,   0, , 0, 0, 0, 0, 0, 0, 0, 0, 0, 0, 0, , 0, 0, INVEST,
EP, 99, 2026092018,   , BEST,   0, 145N, 1051W,  30, 1007, TD,   0, , 0, 0, 0, 0, 0, 0, 0, 0, 0, 0, 0, , 0, 0, INVEST,
EP, 17, 2026092100,   , BEST,   0, 151N, 1047W,  40, 1004, TS,   0, , 0, 0, 0, 0, 0, 0, 0, 0, 0, 0, 0, , 0, 0, POLO,TRANSITIONED, epB92026 to ep172026, 
EP, 17, 2026092106,   , BEST,   0, 155N, 1041W,  50, 1003, TS,   0, , 0, 0, 0, 0, 0, 0, 0, 0, 0, 0, 0, , 0, 0, POLO,
EP, 17, 2026092112,   , BEST,   0, 154N, 1035W,  65,  997, HU,   0, , 0, 0, 0, 0, 0, 0, 0, 0, 0, 0, 0, , 0, 0, POLO,
EP, 17, 2026092118,   , BEST,   0, 152N, 1030W,  65,  978, HU,   0, , 0, 0, 0, 0, 0, 0, 0, 0, 0, 0, 0, , 0, 0, POLO,
EP, 17, 2026092200,   , BEST,   0, 151N, 1026W,  90,  967, HU,   0, , 0, 0, 0, 0, 0, 0, 0, 0, 0, 0, 0, , 0, 0, POLO,
EP, 17, 2026092206,   , BEST,   0, 148N, 1022W, 120,  945, HU,   0, , 0, 0, 0, 0, 0, 0, 0, 0, 0, 0, 0, , 0, 0, POLO,
EP, 17, 2026092212,   , BEST,   0, 146N, 1017W, 140,  926, HU,   0, , 0, 0, 0, 0, 0, 0, 0, 0, 0, 0, 0, , 0, 0, POLO,
EP, 17, 2026092218,   , BEST,   0, 146N, 1015W, 155,  892, HU,   0, , 0, 0, 0, 0, 0, 0, 0, 0, 0, 0, 0, , 0, 0, POLO,
EP, 17, 2026092300,   , BEST,   0, 147N, 1014W, 140,  905, HU,   0, , 0, 0, 0, 0, 0, 0, 0, 0, 0, 0, 0, , 0, 0, POLO,
EP, 17, 2026092306,   , BEST,   0, 149N, 1015W, 125,  915, HU,   0, , 0, 0, 0, 0, 0, 0, 0, 0, 0, 0, 0, , 0, 0, POLO,
EP, 17, 2026092312,   , BEST,   0, 152N, 1017W, 105,  925, HU,   0, , 0, 0, 0, 0, 0, 0, 0, 0, 0, 0, 0, , 0, 0, POLO,
EP, 17, 2026092318,   , BEST,   0, 155N, 1020W, 120,  931, HU,   0, , 0, 0, 0, 0, 0, 0, 0, 0, 0, 0, 0, , 0, 0, POLO,
EP, 17, 2026092400,   , BEST,   0, 159N, 1024W, 135,  923, HU,   0, , 0, 0, 0, 0, 0, 0, 0, 0, 0, 0, 0, , 0, 0, POLO,
EP, 17, 2026092406,   , BEST,   0, 164N, 1029W, 130,  923, HU,   0, , 0, 0, 0, 0, 0, 0, 0, 0, 0, 0, 0, , 0, 0, POLO,
EP, 17, 2026092412,   , BEST,   0, 167N, 1039W, 125,  927, HU,   0, , 0, 0, 0, 0, 0, 0, 0, 0, 0, 0, 0, , 0, 0, POLO,
EP, 17, 2026092418,   , BEST,   0, 169N, 1049W, 125,  938, HU,   0, , 0, 0, 0, 0, 0, 0, 0, 0, 0, 0, 0, , 0, 0, POLO,
EP, 17, 2026092500,   , BEST,   0, 170N, 1060W, 135,  935, HU,   0, , 0, 0, 0, 0, 0, 0, 0, 0, 0, 0, 0, , 0, 0, POLO,
EP, 17, 2026092506,   , BEST,   0, 171N, 1070W, 145,  929, HU,   0, , 0, 0, 0, 0, 0, 0, 0, 0, 0, 0, 0, , 0, 0, POLO,
EP, 17, 2026092512,   , BEST,   0, 171N, 1080W, 150,  908, HU,   0, , 0, 0, 0, 0, 0, 0, 0, 0, 0, 0, 0, , 0, 0, POLO,
EP, 17, 2026092514,   , BEST,   0, 171N, 1083W, 155,  900, HU,   0, , 0, 0, 0, 0, 0, 0, 0, 0, 0, 0, 0, , 0, 0, POLO,
EP, 17, 2026092518,   , BEST,   0, 171N, 1088W, 150,  914, HU,   0, , 0, 0, 0, 0, 0, 0, 0, 0, 0, 0, 0, , 0, 0, POLO,
EP, 17, 2026092600,   , BEST,   0, 172N, 1098W, 140,  911, HU,   0, , 0, 0, 0, 0, 0, 0, 0, 0, 0, 0, 0, , 0, 0, POLO,
EP, 17, 2026092606,   , BEST,   0, 174N, 1108W, 135,  912, HU,   0, , 0, 0, 0, 0, 0, 0, 0, 0, 0, 0, 0, , 0, 0, POLO,
EP, 17, 2026092612,   , BEST,   0, 177N, 1117W, 115,  922, HU,   0, , 0, 0, 0, 0, 0, 0, 0, 0, 0, 0, 0, , 0, 0, POLO,
EP, 17, 2026092618,   , BEST,   0, 183N, 1124W, 105,  938, HU,   0, , 0, 0, 0, 0, 0, 0, 0, 0, 0, 0, 0, , 0, 0, POLO,
EP, 17, 2026092700,   , BEST,   0, 190N, 1129W, 105,  946, HU,   0, , 0, 0, 0, 0, 0, 0, 0, 0, 0, 0, 0, , 0, 0, POLO,
EP, 17, 2026092706,   , BEST,   0, 198N, 1134W, 105,  952, HU,   0, , 0, 0, 0, 0, 0, 0, 0, 0, 0, 0, 0, , 0, 0, POLO,
EP, 17, 2026092712,   , BEST,   0, 206N, 1138W, 110,  952, HU,   0, , 0, 0, 0, 0, 0, 0, 0, 0, 0, 0, 0, , 0, 0, POLO,
EP, 17, 2026092718,   , BEST,   0, 214N, 1140W, 105,  951, HU,   0, , 0, 0, 0, 0, 0, 0, 0, 0, 0, 0, 0, , 0, 0, POLO,
EP, 17, 2026092800,   , BEST,   0, 224N, 1141W,  95,  951, HU,   0, , 0, 0, 0, 0, 0, 0, 0, 0, 0, 0, 0, , 0, 0, POLO,
EP, 17, 2026092806,   , BEST,   0, 232N, 1140W,  90,  955, HU,   0, , 0, 0, 0, 0, 0, 0, 0, 0, 0, 0, 0, , 0, 0, POLO,
EP, 17, 2026092812,   , BEST,   0, 239N, 1137W, 100,  958, HU,   0, , 0, 0, 0, 0, 0, 0, 0, 0, 0, 0, 0, , 0, 0, POLO,
EP, 17, 2026092818,   , BEST,   0, 246N, 1134W,  95,  963, HU,   0, , 0, 0, 0, 0, 0, 0, 0, 0, 0, 0, 0, , 0, 0, POLO,
EP, 17, 2026092900,   , BEST,   0, 254N, 1128W,  90,  963, HU,   0, , 0, 0, 0, 0, 0, 0, 0, 0, 0, 0, 0, , 0, 0, POLO,
EP, 17, 2026092906,   , BEST,   0, 260N, 1122W,  80,  967, HU,   0, , 0, 0, 0, 0, 0, 0, 0, 0, 0, 0, 0, , 0, 0, POLO,
EP, 17, 2026092912,   , BEST,   0, 271N, 1115W,  65,  978, HU,   0, , 0, 0, 0, 0, 0, 0, 0, 0, 0, 0, 0, , 0, 0, POLO,
EP, 17, 2026092918,   , BEST,   0, 280N, 1106W,  60,  976, TS,   0, , 0, 0, 0, 0, 0, 0, 0, 0, 0, 0, 0, , 0, 0, POLO,
EP, 17, 2026093000,   , BEST,   0, 300N, 1084W,  30,  993, TD,   0, , 0, 0, 0, 0, 0, 0, 0, 0, 0, 0, 0, , 0, 0, POLO,
EP, 17, 2026093006,   , BEST,   0, 324N, 1046W,  25,  996, EX,   0, , 0, 0, 0, 0, 0, 0, 0, 0, 0, 0, 0, , 0, 0, POLO,
