EP, 91, 2026092900,   , BEST,   0, 144N, 1339W,  20, 1005, DB,   0, , 0, 0, 0, 0, 0, 0, 0, 0, 0, 0, 0, , 0, 0, INVEST,
EP, 91, 2026092906,   , BEST,   0, 145N, 1329W,  20, 1005, DB,   0, , 0, 0, 0, 0, 0, 0, 0, 0, 0, 0, 0, , 0, 0, INVEST,
EP, 19, 2026092912,   , BEST,   0, 144N, 1321W,  30, 1004, TD,   0, , 0, 0, 0, 0, 0, 0, 0, 0, 0, 0, 0, , 0, 0, NINETEEN,TRANSITIONED, epC12026 to ep192026, 
EP, 19, 2026092918,   , BEST,   0, 143N, 1313W,  30, 1005, TD,   0, , 0, 0, 0, 0, 0, 0, 0, 0, 0, 0, 0, , 0, 0, NINETEEN,
EP, 19, 2026093000,   , BEST,   0, 141N, 1306W,  25, 1006, TD,   0, , 0, 0, 0, 0, 0, 0, 0, 0, 0, 0, 0, , 0, 0, NINETEEN,
EP, 19, 2026093006,   , BEST,   0, 140N, 1298W,  25, 1006, TD,   0, , 0, 0, 0, 0, 0, 0, 0, 0, 0, 0, 0, , 0, 0, NINETEEN,
EP, 19, 2026093012,   , BEST,   0, 142N, 1288W,  20, 1005, DB,   0, , 0, 0, 0, 0, 0, 0, 0, 0, 0, 0, 0, , 0, 0, NINETEEN,
EP, 19, 2026093018,   , BEST,   0, 148N, 1276W,  20, 1005, DB,   0, , 0, 0, 0, 0, 0, 0, 0, 0, 0, 0, 0, , 0, 0, NINETEEN,
EP, 19, 2026100100,   , BEST,   0, 151N, 1265W,  25, 1006, TD,   0, , 0, 0, 0, 0, 0, 0, 0, 0, 0, 0, 0, , 0, 0, NINETEEN,
EP, 19, 2026100106,   , BEST,   0, 153N, 1252W,  25, 1006, TD,   0, , 0, 0, 0, 0, 0, 0, 0, 0, 0, 0, 0, , 0, 0, NINETEEN,
EP, 19, 2026100112,   , BEST,   0, 152N, 1242W,  25, 1006, TD,   0, , 0, 0, 0, 0, 0, 0, 0, 0, 0, 0, 0, , 0, 0, NINETEEN,
EP, 19, 2026100118,   , BEST,   0, 151N, 1233W,  25, 1006, TD,   0, , 0, 0, 0, 0, 0, 0, 0, 0, 0, 0, 0, , 0, 0, NINETEEN,
EP, 19, 2026100200,   , BEST,   0, 150N, 1219W,  20, 1006, DB,   0, , 0, 0, 0, 0, 0, 0, 0, 0, 0, 0, 0, , 0, 0, NINETEEN,
EP, 19, 2026100206,   , BEST,   0, 148N, 1205W,  20, 1007, DB,   0, , 0, 0, 0, 0, 0, 0, 0, 0, 0, 0, 0, , 0, 0, NINETEEN,
