EP, 98, 2026091818,   , BEST,   0, 114N, 1179W,  20, 1009, DB,   0, , 0, 0, 0, 0, 0, 0, 0, 0, 0, 0, 0, , 0, 0, INVEST,
EP, 98, 2026091900,   , BEST,   0, 114N, 1191W,  20, 1009, DB,   0, , 0, 0, 0, 0, 0, 0, 0, 0, 0, 0, 0, , 0, 0, INVEST,
EP, 98, 2026091906,   , BEST,   0, 114N, 1203W,  25, 1009, TD,   0, , 0, 0, 0, 0, 0, 0, 0, 0, 0, 0, 0, , 0, 0, INVEST,
EP, 98, 2026091912,   , BEST,   0, 113N, 1214W,  25, 1008, TD,   0, , 0, 0, 0, 0, 0, 0, 0, 0, 0, 0, 0, , 0, 0, INVEST,
EP, 98, 2026091918,   , BEST,   0, 112N, 1225W,  25, 1008, TD,   0, , 0, 0, 0, 0, 0, 0, 0, 0, 0, 0, 0, , 0, 0, INVEST,
EP, 98, 2026092000,   , BEST,   0, 112N, 1234W,  30, 1008, TD,   0, , 0, 0, 0, 0, 0, 0, 0, 0, 0, 0, 0, , 0, 0, INVEST,
EP, 16, 2026092006,   , BEST,   0, 111N, 1243W,  35, 1005, TS,   0, , 0, 0, 0, 0, 0, 0, 0, 0, 0, 0, 0, , 0, 0, ODALYS,TRANSITIONED, epB82026 to ep162026, 
EP, 16, 2026092012,   , BEST,   0, 111N, 1252W,  50, 1003, TS,   0, , 0, 0, 0, 0, 0, 0, 0, 0, 0, 0, 0, , 0, 0, ODALYS,
EP, 16, 2026092018,   , BEST,   0, 116N, 1263W,  55, 1002, TS,   0, , 0, 0, 0, 0, 0, 0, 0, 0, 0, 0, 0, , 0, 0, ODALYS,
EP, 16, 2026092100,   , BEST,   0, 128N, 1273W,  40, 1002, TS,   0, , 0, 0, 0, 0, 0, 0, 0, 0, 0, 0, 0, , 0, 0, ODALYS,
EP, 16, 2026092106,   , BEST,   0, 133N, 1283W,  35, 1004, TS,   0, , 0, 0, 0, 0, 0, 0, 0, 0, 0, 0, 0, , 0, 0, ODALYS,
EP, 16, 2026092112,   , BEST,   0, 136N, 1290W,  50, 1003, TS,   0, , 0, 0, 0, 0, 0, 0, 0, 0, 0, 0, 0, , 0, 0, ODALYS,
EP, 16, 2026092118,   , BEST,   0, 138N, 1297W,  55, 1002, TS,   0, , 0, 0, 0, 0, 0, 0, 0, 0, 0, 0, 0, , 0, 0, ODALYS,
EP, 16, 2026092200,   , BEST,   0, 142N, 1302W,  55, 1002, TS,   0, , 0, 0, 0, 0, 0, 0, 0, 0, 0, 0, 0, , 0, 0, ODALYS,
EP, 16, 2026092206,   , BEST,   0, 145N, 1305W,  60, 1000, TS,   0, , 0, 0, 0, 0, 0, 0, 0, 0, 0, 0, 0, , 0, 0, ODALYS,
EP, 16, 2026092212,   , BEST,   0, 148N, 1306W,  65,  998, HU,   0, , 0, 0, 0, 0, 0, 0, 0, 0, 0, 0, 0, , 0, 0, ODALYS,
EP, 16, 2026092218,   , BEST,   0, 150N, 1302W,  55,  994, TS,   0, , 0, 0, 0, 0, 0, 0, 0, 0, 0, 0, 0, , 0, 0, ODALYS,
EP, 16, 2026092300,   , BEST,   0, 152N, 1294W,  55,  994, TS,   0, , 0, 0, 0, 0, 0, 0, 0, 0, 0, 0, 0, , 0, 0, ODALYS,
EP, 16, 2026092306,   , BEST,   0, 154N, 1287W,  65,  989, HU,   0, , 0, 0, 0, 0, 0, 0, 0, 0, 0, 0, 0, , 0, 0, ODALYS,
EP, 16, 2026092312,   , BEST,   0, 155N, 1281W,  70,  989, HU,   0, , 0, 0, 0, 0, 0, 0, 0, 0, 0, 0, 0, , 0, 0, ODALYS,
EP, 16, 2026092318,   , BEST,   0, 155N, 1275W,  70,  984, HU,   0, , 0, 0, 0, 0, 0, 0, 0, 0, 0, 0, 0, , 0, 0, ODALYS,
EP, 16, 2026092400,   , BEST,   0, 156N, 1269W,  75,  978, HU,   0, , 0, 0, 0, 0, 0, 0, 0, 0, 0, 0, 0, , 0, 0, ODALYS,
EP, 16, 2026092406,   , BEST,   0, 159N, 1263W,  85,  978, HU,   0, , 0, 0, 0, 0, 0, 0, 0, 0, 0, 0, 0, , 0, 0, ODALYS,
EP, 16, 2026092412,   , BEST,   0, 162N, 1258W,  90,  976, HU,   0, , 0, 0, 0, 0, 0, 0, 0, 0, 0, 0, 0, , 0, 0, ODALYS,
EP, 16, 2026092418,   , BEST,   0, 166N, 1251W,  95,  976, HU,   0, , 0, 0, 0, 0, 0, 0, 0, 0, 0, 0, 0, , 0, 0, ODALYS,
EP, 16, 2026092500,   , BEST,   0, 169N, 1245W, 100,  968, HU,   0, , 0, 0, 0, 0, 0, 0, 0, 0, 0, 0, 0, , 0, 0, ODALYS,
EP, 16, 2026092506,   , BEST,   0, 173N, 1241W, 110,  962, HU,   0, , 0, 0, 0, 0, 0, 0, 0, 0, 0, 0, 0, , 0, 0, ODALYS,
EP, 16, 2026092512,   , BEST,   0, 177N, 1238W, 105,  946, HU,   0, , 0, 0, 0, 0, 0, 0, 0, 0, 0, 0, 0, , 0, 0, ODALYS,
EP, 16, 2026092518,   , BEST,   0, 180N, 1237W, 105,  947, HU,   0, , 0, 0, 0, 0, 0, 0, 0, 0, 0, 0, 0, , 0, 0, ODALYS,
EP, 16, 2026092600,   , BEST,   0, 184N, 1237W,  95,  947, HU,   0, , 0, 0, 0, 0, 0, 0, 0, 0, 0, 0, 0, , 0, 0, ODALYS,
EP, 16, 2026092606,   , BEST,   0, 189N, 1238W,  85,  951, HU,   0, , 0, 0, 0, 0, 0, 0, 0, 0, 0, 0, 0, , 0, 0, ODALYS,
EP, 16, 2026092612,   , BEST,   0, 195N, 1238W,  75,  965, HU,   0, , 0, 0, 0, 0, 0, 0, 0, 0, 0, 0, 0, , 0, 0, ODALYS,
EP, 16, 2026092618,   , BEST,   0, 202N, 1237W,  70,  973, HU,   0, , 0, 0, 0, 0, 0, 0, 0, 0, 0, 0, 0, , 0, 0, ODALYS,
EP, 16, 2026092700,   , BEST,   0, 208N, 1236W,  65,  975, HU,   0, , 0, 0, 0, 0, 0, 0, 0, 0, 0, 0, 0, , 0, 0, ODALYS,
EP, 16, 2026092706,   , BEST,   0, 216N, 1235W,  60,  982, TS,   0, , 0, 0, 0, 0, 0, 0, 0, 0, 0, 0, 0, , 0, 0, ODALYS,
EP, 16, 2026092712,   , BEST,   0, 222N, 1234W,  45,  992, TS,   0, , 0, 0, 0, 0, 0, 0, 0, 0, 0, 0, 0, , 0, 0, ODALYS,
EP, 16, 2026092718,   , BEST,   0, 227N, 1232W,  35, 1000, TS,   0, , 0, 0, 0, 0, 0, 0, 0, 0, 0, 0, 0, , 0, 0, ODALYS,
EP, 16, 2026092800,   , BEST,   0, 230N, 1233W,  30, 1003, TD,   0, , 0, 0, 0, 0, 0, 0, 0, 0, 0, 0, 0, , 0, 0, ODALYS,
EP, 16, 2026092806,   , BEST,   0, 233N, 1233W,  20, 1005, DB,   0, , 0, 0, 0, 0, 0, 0, 0, 0, 0, 0, 0, , 0, 0, ODALYS,
EP, 16, 2026092812,   , BEST,   0, 235N, 1232W,  20, 1007, DB,   0, , 0, 0, 0, 0, 0, 0, 0, 0, 0, 0, 0, , 0, 0, ODALYS,
