EP, 95, 2018080506,   , CHP6, 0, 139N, 1040W,  20, 1006, DB,   0, , 0, 0, 0, 0, 0, 0, 0, 0, 0, 0, 0, , 0, 0, INVEST,
EP, 95, 2018080512,   , CHP6, 0, 140N, 1048W,  20, 1006, DB,   0, , 0, 0, 0, 0, 0, 0, 0, 0, 0, 0, 0, , 0, 0, INVEST,
EP, 12, 2018080518,   , CHP6, 0, 142N, 1055W,  30, 1006, TD,   0, , 0, 0, 0, 0, 0, 0, 0, 0, 0, 0, 0, , 0, 0, TWELVE,
EP, 12, 2018080600,   , CHP6, 0, 145N, 1063W,  35, 1004, TS,   0, , 0, 0, 0, 0, 0, 0, 0, 0, 0, 0, 0, , 0, 0, JOHN,
EP, 12, 2018080606,   , CHP6, 0, 148N, 1070W,  45, 1001, TS,   0, , 0, 0, 0, 0, 0, 0, 0, 0, 0, 0, 0, , 0, 0, JOHN,
EP, 12, 2018080612,   , CHP6, 0, 153N, 1075W,  62,  987, TS,   0, , 0, 0, 0, 0, 0, 0, 0, 0, 0, 0, 0, , 0, 0, JOHN,
EP, 12, 2018080618,   , CHP6, 0, 157N, 1080W,  84,  972, HU,   0, , 0, 0, 0, 0, 0, 0, 0, 0, 0, 0, 0, , 0, 0, JOHN,
EP, 12, 2018080700,   , CHP6, 0, 161N, 1084W, 113,  946, HU,   0, , 0, 0, 0, 0, 0, 0, 0, 0, 0, 0, 0, , 0, 0, JOHN,
EP, 12, 2018080706,   , CHP6, 0, 166N, 1089W, 135,  921, HU,   0, , 0, 0, 0, 0, 0, 0, 0, 0, 0, 0, 0, , 0, 0, JOHN,
EP, 12, 2018080712,   , CHP6, 0, 171N, 1096W, 130,  926, HU,   0, , 0, 0, 0, 0, 0, 0, 0, 0, 0, 0, 0, , 0, 0, JOHN,
EP, 12, 2018080718,   , CHP6, 0, 177N, 1104W, 143,  912, HU,   0, , 0, 0, 0, 0, 0, 0, 0, 0, 0, 0, 0, , 0, 0, JOHN,
EP, 12, 2018080800,   , CHP6, 0, 182N, 1111W, 148,  909, HU,   0, , 0, 0, 0, 0, 0, 0, 0, 0, 0, 0, 0, , 0, 0, JOHN,
EP, 12, 2018080806,   , CHP6, 0, 189N, 1119W, 142,  916, HU,   0, , 0, 0, 0, 0, 0, 0, 0, 0, 0, 0, 0, , 0, 0, JOHN,
EP, 12, 2018080812,   , CHP6, 0, 196N, 1128W, 135,  923, HU,   0, , 0, 0, 0, 0, 0, 0, 0, 0, 0, 0, 0, , 0, 0, JOHN,
EP, 12, 2018080818,   , CHP6, 0, 203N, 1137W, 104,  951, HU,   0, , 0, 0, 0, 0, 0, 0, 0, 0, 0, 0, 0, , 0, 0, JOHN,
EP, 12, 2018080900,   , CHP6, 0, 210N, 1146W,  82,  967, HU,   0, , 0, 0, 0, 0, 0, 0, 0, 0, 0, 0, 0, , 0, 0, JOHN,
EP, 12, 2018080906,   , CHP6, 0, 218N, 1156W,  69,  979, HU,   0, , 0, 0, 0, 0, 0, 0, 0, 0, 0, 0, 0, , 0, 0, JOHN,
EP, 12, 2018080912,   , CHP6, 0, 225N, 1165W,  65,  985, HU,   0, , 0, 0, 0, 0, 0, 0, 0, 0, 0, 0, 0, , 0, 0, JOHN,
EP, 12, 2018080918,   , CHP6, 0, 231N, 1176W,  62,  993, TS,   0, , 0, 0, 0, 0, 0, 0, 0, 0, 0, 0, 0, , 0, 0, JOHN,
EP, 12, 2018081000,   , CHP6, 0, 237N, 1187W,  58,  993, TS,   0, , 0, 0, 0, 0, 0, 0, 0, 0, 0, 0, 0, , 0, 0, JOHN,
EP, 12, 2018081006,   , CHP6, 0, 244N, 1197W,  55,  994, TS,   0, , 0, 0, 0, 0, 0, 0, 0, 0, 0, 0, 0, , 0, 0, JOHN,
EP, 12, 2018081012,   , CHP6, 0, 250N, 1208W,  52,  994, TS,   0, , 0, 0, 0, 0, 0, 0, 0, 0, 0, 0, 0, , 0, 0, JOHN,
EP, 12, 2018081018,   , CHP6, 0, 254N, 1219W,  51,  994, TS,   0, , 0, 0, 0, 0, 0, 0, 0, 0, 0, 0, 0, , 0, 0, JOHN,
EP, 12, 2018081100,   , CHP6, 0, 258N, 1228W,  50,  994, TS,   0, , 0, 0, 0, 0, 0, 0, 0, 0, 0, 0, 0, , 0, 0, JOHN,
EP, 12, 2018081106,   , CHP6, 0, 262N, 1237W,  49,  995, TS,   0, , 0, 0, 0, 0, 0, 0, 0, 0, 0, 0, 0, , 0, 0, JOHN,
EP, 12, 2018081112,   , CHP6, 0, 266N, 1244W,  49,  995, TS,   0, , 0, 0, 0, 0, 0, 0, 0, 0, 0, 0, 0, , 0, 0, JOHN,
EP, 12, 2018081118,   , CHP6, 0, 269N, 1250W,  49,  995, TS,   0, , 0, 0, 0, 0, 0, 0, 0, 0, 0, 0, 0, , 0, 0, JOHN,
EP, 12, 2018081200,   , CHP6, 0, 271N, 1255W,  49,  993, TS,   0, , 0, 0, 0, 0, 0, 0, 0, 0, 0, 0, 0, , 0, 0, JOHN,
EP, 12, 2018081206,   , CHP6, 0, 272N, 1260W,  47,  993, TS,   0, , 0, 0, 0, 0, 0, 0, 0, 0, 0, 0, 0, , 0, 0, JOHN,
EP, 12, 2018081212,   , CHP6, 0, 273N, 1265W,  47,  995, TS,   0, , 0, 0, 0, 0, 0, 0, 0, 0, 0, 0, 0, , 0, 0, JOHN,
EP, 12, 2018081218,   , CHP6, 0, 273N, 1269W,  46,  995, TS,   0, , 0, 0, 0, 0, 0, 0, 0, 0, 0, 0, 0, , 0, 0, JOHN,
EP, 12, 2018081300,   , CHP6, 0, 274N, 1272W,  45,  992, TS,   0, , 0, 0, 0, 0, 0, 0, 0, 0, 0, 0, 0, , 0, 0, JOHN,
EP, 12, 2018081306,   , CHP6, 0, 276N, 1273W,  43,  993, TS,   0, , 0, 0, 0, 0, 0, 0, 0, 0, 0, 0, 0, , 0, 0, JOHN,
EP, 12, 2018081312,   , CHP6, 0, 278N, 1272W,  43,  995, TS,   0, , 0, 0, 0, 0, 0, 0, 0, 0, 0, 0, 0, , 0, 0, JOHN,
EP, 12, 2018081318,   , CHP6, 0, 280N, 1271W,  43,  995, TS,   0, , 0, 0, 0, 0, 0, 0, 0, 0, 0, 0, 0, , 0, 0, JOHN,
EP, 12, 2018081400,   , CHP6, 0, 282N, 1269W,  43,  995, TS,   0, , 0, 0, 0, 0, 0, 0, 0, 0, 0, 0, 0, , 0, 0, JOHN,
EP, 12, 2018081406,   , CHP6, 0, 284N, 1266W,  42,  995, TS,   0, , 0, 0, 0, 0, 0, 0, 0, 0, 0, 0, 0, , 0, 0, JOHN,
EP, 12, 2018081412,   , CHP6, 0, 286N, 1262W,  41,  995, TS,   0, , 0, 0, 0, 0, 0, 0, 0, 0, 0, 0, 0, , 0, 0, JOHN,
EP, 12, 2018081418,   , CHP6, 0, 288N, 1259W,  41,  995, TS,   0, , 0, 0, 0, 0, 0, 0, 0, 0, 0, 0, 0, , 0, 0, JOHN,
EP, 12, 2018081500,   , CHP6, 0, 291N, 1255W,  40,  996, TS,   0, , 0, 0, 0, 0, 0, 0, 0, 0, 0, 0, 0, , 0, 0, JOHN,
EP, 12, 2018081506,   , CHP6, 0, 293N, 1250W,  40,  996, TS,   0, , 0, 0, 0, 0, 0, 0, 0, 0, 0, 0, 0, , 0, 0, JOHN,
EP, 12, 2018081512,   , CHP6, 0, 296N, 1247W,  38,  996, TS,   0, , 0, 0, 0, 0, 0, 0, 0, 0, 0, 0, 0, , 0, 0, JOHN,
EP, 12, 2018081518,   , CHP6, 0, 299N, 1245W,  37,  996, TS,   0, , 0, 0, 0, 0, 0, 0, 0, 0, 0, 0, 0, , 0, 0, JOHN,
EP, 12, 2018081600,   , CHP6, 0, 304N, 1246W,  36,  996, TS,   0, , 0, 0, 0, 0, 0, 0, 0, 0, 0, 0, 0, , 0, 0, JOHN,
EP, 12, 2018081606,   , CHP6, 0, 308N, 1248W,  36,  996, TS,   0, , 0, 0, 0, 0, 0, 0, 0, 0, 0, 0, 0, , 0, 0, JOHN,
EP, 12, 2018081612,   , CHP6, 0, 313N, 1249W,  36,  996, TS,   0, , 0, 0, 0, 0, 0, 0, 0, 0, 0, 0, 0, , 0, 0, JOHN,
EP, 12, 2018081618,   , CHP6, 0, 319N, 1250W,  31,  997, TD,   0, , 0, 0, 0, 0, 0, 0, 0, 0, 0, 0, 0, , 0, 0, JOHN,
EP, 12, 2018081700,   , CHP6, 0, 326N, 1249W,  27,  998, DB,   0, , 0, 0, 0, 0, 0, 0, 0, 0, 0, 0, 0, , 0, 0, JOHN,
EP, 12, 2018081706,   , CHP6, 0, 334N, 1248W,  22,  999, DB,   0, , 0, 0, 0, 0, 0, 0, 0, 0, 0, 0, 0, , 0, 0, JOHN,
