AL, 90, 2026092400,   , CHP6, 0, 110N,  190W,  20, 1008, DB,   0, , 0, 0, 0, 0, 0, 0, 0, 0, 0, 0, 0, , 0, 0, INVEST,
AL, 90, 2026092406,   , CHP6, 0, 115N,  202W,  20, 1007, DB,   0, , 0, 0, 0, 0, 0, 0, 0, 0, 0, 0, 0, , 0, 0, INVEST,
AL, 07, 2026092412,   , CHP6, 0, 119N,  208W,  25, 1007, TD,   0, , 0, 0, 0, 0, 0, 0, 0, 0, 0, 0, 0, , 0, 0, SEVEN,
AL, 07, 2026092418,   , CHP6, 0, 124N,  214W,  35, 1007, TS,   0, , 0, 0, 0, 0, 0, 0, 0, 0, 0, 0, 0, , 0, 0, GONZALO,
AL, 07, 2026092500,   , CHP6, 0, 129N,  220W,  45, 1004, TS,   0, , 0, 0, 0, 0, 0, 0, 0, 0, 0, 0, 0, , 0, 0, GONZALO,
AL, 07, 2026092506,   , CHP6, 0, 137N,  223W,  50, 1004, TS,   0, , 0, 0, 0, 0, 0, 0, 0, 0, 0, 0, 0, , 0, 0, GONZALO,
AL, 07, 2026092512,   , CHP6, 0, 145N,  225W,  51,  993, TS,   0, , 0, 0, 0, 0, 0, 0, 0, 0, 0, 0, 0, , 0, 0, GONZALO,
AL, 07, 2026092518,   , CHP6, 0, 154N,  228W,  55,  991, TS,   0, , 0, 0, 0, 0, 0, 0, 0, 0, 0, 0, 0, , 0, 0, GONZALO,
AL, 07, 2026092600,   , CHP6, 0, 162N,  230W,  47,  994, TS,   0, , 0, 0, 0, 0, 0, 0, 0, 0, 0, 0, 0, , 0, 0, GONZALO,
AL, 07, 2026092606,   , CHP6, 0, 170N,  232W,  45,  995, TS,   0, , 0, 0, 0, 0, 0, 0, 0, 0, 0, 0, 0, , 0, 0, GONZALO,
AL, 07, 2026092612,   , CHP6, 0, 177N,  234W,  44,  995, TS,   0, , 0, 0, 0, 0, 0, 0, 0, 0, 0, 0, 0, , 0, 0, GONZALO,
AL, 07, 2026092618,   , CHP6, 0, 185N,  237W,  43,  995, TS,   0, , 0, 0, 0, 0, 0, 0, 0, 0, 0, 0, 0, , 0, 0, GONZALO,
AL, 07, 2026092700,   , CHP6, 0, 191N,  239W,  42,  996, TS,   0, , 0, 0, 0, 0, 0, 0, 0, 0, 0, 0, 0, , 0, 0, GONZALO,
AL, 07, 2026092706,   , CHP6, 0, 198N,  242W,  38,  997, TS,   0, , 0, 0, 0, 0, 0, 0, 0, 0, 0, 0, 0, , 0, 0, GONZALO,
AL, 07, 2026092712,   , CHP6, 0, 201N,  242W,  37,  997, TS,   0, , 0, 0, 0, 0, 0, 0, 0, 0, 0, 0, 0, , 0, 0, GONZALO,
AL, 07, 2026092718,   , CHP6, 0, 204N,  243W,  33,  998, TD,   0, , 0, 0, 0, 0, 0, 0, 0, 0, 0, 0, 0, , 0, 0, GONZALO,
AL, 07, 2026092800,   , CHP6, 0, 207N,  243W,  32,  998, TD,   0, , 0, 0, 0, 0, 0, 0, 0, 0, 0, 0, 0, , 0, 0, GONZALO,
AL, 07, 2026092806,   , CHP6, 0, 210N,  244W,  32,  998, TD,   0, , 0, 0, 0, 0, 0, 0, 0, 0, 0, 0, 0, , 0, 0, GONZALO,
AL, 07, 2026092812,   , CHP6, 0, 212N,  244W,  31,  998, TD,   0, , 0, 0, 0, 0, 0, 0, 0, 0, 0, 0, 0, , 0, 0, GONZALO,
AL, 07, 2026092818,   , CHP6, 0, 215N,  244W,  31,  998, TD,   0, , 0, 0, 0, 0, 0, 0, 0, 0, 0, 0, 0, , 0, 0, GONZALO,
AL, 07, 2026092900,   , CHP6, 0, 217N,  244W,  30,  999, TD,   0, , 0, 0, 0, 0, 0, 0, 0, 0, 0, 0, 0, , 0, 0, GONZALO,
AL, 07, 2026092906,   , CHP6, 0, 220N,  245W,  30,  999, TD,   0, , 0, 0, 0, 0, 0, 0, 0, 0, 0, 0, 0, , 0, 0, GONZALO,
AL, 07, 2026092912,   , CHP6, 0, 220N,  248W,  30,  999, TD,   0, , 0, 0, 0, 0, 0, 0, 0, 0, 0, 0, 0, , 0, 0, GONZALO,
AL, 07, 2026092918,   , CHP6, 0, 221N,  251W,  30,  999, TD,   0, , 0, 0, 0, 0, 0, 0, 0, 0, 0, 0, 0, , 0, 0, GONZALO,
AL, 07, 2026093000,   , CHP6, 0, 221N,  254W,  22,  999, EX,   0, , 0, 0, 0, 0, 0, 0, 0, 0, 0, 0, 0, , 0, 0, GONZALO,
AL, 07, 2026093006,   , CHP6, 0, 222N,  257W,  16,  999, EX,   0, , 0, 0, 0, 0, 0, 0, 0, 0, 0, 0, 0, , 0, 0, GONZALO,
