AL, 91, 2026092618,   , CHP6, 0, 275N,  583W,  20, 1016, DB,   0, , 0, 0, 0, 0, 0, 0, 0, 0, 0, 0, 0, , 0, 0, INVEST,
AL, 91, 2026092700,   , CHP6, 0, 291N,  582W,  20, 1016, DB,   0, , 0, 0, 0, 0, 0, 0, 0, 0, 0, 0, 0, , 0, 0, INVEST,
AL, 91, 2026092706,   , CHP6, 0, 312N,  580W,  20, 1015, DB,   0, , 0, 0, 0, 0, 0, 0, 0, 0, 0, 0, 0, , 0, 0, INVEST,
AL, 91, 2026092712,   , CHP6, 0, 329N,  573W,  20, 1014, DB,   0, , 0, 0, 0, 0, 0, 0, 0, 0, 0, 0, 0, , 0, 0, INVEST,
AL, 08, 2026092718,   , CHP6, 0, 344N,  561W,  25, 1013, TD,   0, , 0, 0, 0, 0, 0, 0, 0, 0, 0, 0, 0, , 0, 0, EIGHT,
AL, 08, 2026092800,   , CHP6, 0, 357N,  550W,  30, 1013, TD,   0, , 0, 0, 0, 0, 0, 0, 0, 0, 0, 0, 0, , 0, 0, EIGHT,
AL, 08, 2026092806,   , CHP6, 0, 363N,  531W,  30, 1013, TD,   0, , 0, 0, 0, 0, 0, 0, 0, 0, 0, 0, 0, , 0, 0, EIGHT,
AL, 08, 2026092812,   , CHP6, 0, 367N,  513W,  35, 1006, TS,   0, , 0, 0, 0, 0, 0, 0, 0, 0, 0, 0, 0, , 0, 0, HANNA,
AL, 08, 2026092818,   , CHP6, 0, 366N,  496W,  40, 1006, TS,   0, , 0, 0, 0, 0, 0, 0, 0, 0, 0, 0, 0, , 0, 0, HANNA,
AL, 08, 2026092900,   , CHP6, 0, 360N,  478W,  41,  998, TS,   0, , 0, 0, 0, 0, 0, 0, 0, 0, 0, 0, 0, , 0, 0, HANNA,
AL, 08, 2026092906,   , CHP6, 0, 354N,  467W,  44,  997, TS,   0, , 0, 0, 0, 0, 0, 0, 0, 0, 0, 0, 0, , 0, 0, HANNA,
AL, 08, 2026092912,   , CHP6, 0, 348N,  456W,  47,  995, TS,   0, , 0, 0, 0, 0, 0, 0, 0, 0, 0, 0, 0, , 0, 0, HANNA,
AL, 08, 2026092918,   , CHP6, 0, 344N,  449W,  51,  993, TS,   0, , 0, 0, 0, 0, 0, 0, 0, 0, 0, 0, 0, , 0, 0, HANNA,
AL, 08, 2026093000,   , CHP6, 0, 340N,  442W,  54,  991, TS,   0, , 0, 0, 0, 0, 0, 0, 0, 0, 0, 0, 0, , 0, 0, HANNA,
AL, 08, 2026093006,   , CHP6, 0, 340N,  438W,  58,  990, TS,   0, , 0, 0, 0, 0, 0, 0, 0, 0, 0, 0, 0, , 0, 0, HANNA,
AL, 08, 2026093012,   , CHP6, 0, 340N,  434W,  61,  988, TS,   0, , 0, 0, 0, 0, 0, 0, 0, 0, 0, 0, 0, , 0, 0, HANNA,
AL, 08, 2026093018,   , CHP6, 0, 342N,  428W,  63,  987, TS,   0, , 0, 0, 0, 0, 0, 0, 0, 0, 0, 0, 0, , 0, 0, HANNA,
AL, 08, 2026100100,   , CHP6, 0, 344N,  421W,  62,  987, TS,   0, , 0, 0, 0, 0, 0, 0, 0, 0, 0, 0, 0, , 0, 0, HANNA,
AL, 08, 2026100106,   , CHP6, 0, 348N,  411W,  61,  987, TS,   0, , 0, 0, 0, 0, 0, 0, 0, 0, 0, 0, 0, , 0, 0, HANNA,
AL, 08, 2026100112,   , CHP6, 0, 353N,  401W,  60,  987, TS,   0, , 0, 0, 0, 0, 0, 0, 0, 0, 0, 0, 0, , 0, 0, HANNA,
AL, 08, 2026100118,   , CHP6, 0, 358N,  390W,  58,  988, TS,   0, , 0, 0, 0, 0, 0, 0, 0, 0, 0, 0, 0, , 0, 0, HANNA,
AL, 08, 2026100200,   , CHP6, 0, 362N,  380W,  56,  989, TS,   0, , 0, 0, 0, 0, 0, 0, 0, 0, 0, 0, 0, , 0, 0, HANNA,
AL, 08, 2026100206,   , CHP6, 0, 366N,  369W,  52,  992, TS,   0, , 0, 0, 0, 0, 0, 0, 0, 0, 0, 0, 0, , 0, 0, HANNA,
AL, 08, 2026100212,   , CHP6, 0, 370N,  358W,  51,  992, TS,   0, , 0, 0, 0, 0, 0, 0, 0, 0, 0, 0, 0, , 0, 0, HANNA,
AL, 08, 2026100218,   , CHP6, 0, 372N,  343W,  46,  995, TS,   0, , 0, 0, 0, 0, 0, 0, 0, 0, 0, 0, 0, , 0, 0, HANNA,
AL, 08, 2026100300,   , CHP6, 0, 369N,  328W,  42,  996, TS,   0, , 0, 0, 0, 0, 0, 0, 0, 0, 0, 0, 0, , 0, 0, HANNA,
AL, 08, 2026100306,   , CHP6, 0, 366N,  314W,  40,  997, TS,   0, , 0, 0, 0, 0, 0, 0, 0, 0, 0, 0, 0, , 0, 0, HANNA,
AL, 08, 2026100312,   , CHP6, 0, 363N,  300W,  34,  998, TS,   0, , 0, 0, 0, 0, 0, 0, 0, 0, 0, 0, 0, , 0, 0, HANNA,
AL, 08, 2026100318,   , CHP6, 0, 360N,  286W,  26,  999, EX,   0, , 0, 0, 0, 0, 0, 0, 0, 0, 0, 0, 0, , 0, 0, HANNA,
AL, 08, 2026100400,   , CHP6, 0, 358N,  271W,  22,  999, EX,   0, , 0, 0, 0, 0, 0, 0, 0, 0, 0, 0, 0, , 0, 0, HANNA,
