AL, 99, 2026091800,   , CHP6, 0, 326N,  342W,  20, 1018, DB,   0, , 0, 0, 0, 0, 0, 0, 0, 0, 0, 0, 0, , 0, 0, INVEST,
AL, 99, 2026091806,   , CHP6, 0, 325N,  341W,  20, 1017, DB,   0, , 0, 0, 0, 0, 0, 0, 0, 0, 0, 0, 0, , 0, 0, INVEST,
AL, 06, 2026091812,   , CHP6, 0, 324N,  340W,  25, 1017, TD,   0, , 0, 0, 0, 0, 0, 0, 0, 0, 0, 0, 0, , 0, 0, SIX,
AL, 06, 2026091818,   , CHP6, 0, 323N,  339W,  25, 1016, TD,   0, , 0, 0, 0, 0, 0, 0, 0, 0, 0, 0, 0, , 0, 0, SIX,
AL, 06, 2026091900,   , CHP6, 0, 322N,  338W,  25, 1015, TD,   0, , 0, 0, 0, 0, 0, 0, 0, 0, 0, 0, 0, , 0, 0, SIX,
AL, 06, 2026091906,   , CHP6, 0, 324N,  337W,  25, 1015, TD,   0, , 0, 0, 0, 0, 0, 0, 0, 0, 0, 0, 0, , 0, 0, SIX,
AL, 06, 2026091912,   , CHP6, 0, 325N,  336W,  30, 1009, TD,   0, , 0, 0, 0, 0, 0, 0, 0, 0, 0, 0, 0, , 0, 0, SIX,
AL, 06, 2026091918,   , CHP6, 0, 327N,  335W,  30, 1007, TD,   0, , 0, 0, 0, 0, 0, 0, 0, 0, 0, 0, 0, , 0, 0, SIX,
AL, 06, 2026092000,   , CHP6, 0, 331N,  333W,  35, 1007, TS,   0, , 0, 0, 0, 0, 0, 0, 0, 0, 0, 0, 0, , 0, 0, FAY,
AL, 06, 2026092006,   , CHP6, 0, 335N,  332W,  40, 1006, TS,   0, , 0, 0, 0, 0, 0, 0, 0, 0, 0, 0, 0, , 0, 0, FAY,
AL, 06, 2026092012,   , CHP6, 0, 339N,  331W,  50, 1004, TS,   0, , 0, 0, 0, 0, 0, 0, 0, 0, 0, 0, 0, , 0, 0, FAY,
AL, 06, 2026092018,   , CHP6, 0, 341N,  328W,  54,  990, TS,   0, , 0, 0, 0, 0, 0, 0, 0, 0, 0, 0, 0, , 0, 0, FAY,
AL, 06, 2026092100,   , CHP6, 0, 343N,  325W,  54,  991, TS,   0, , 0, 0, 0, 0, 0, 0, 0, 0, 0, 0, 0, , 0, 0, FAY,
AL, 06, 2026092106,   , CHP6, 0, 342N,  322W,  55,  989, TS,   0, , 0, 0, 0, 0, 0, 0, 0, 0, 0, 0, 0, , 0, 0, FAY,
AL, 06, 2026092112,   , CHP6, 0, 340N,  319W,  67,  982, HU,   0, , 0, 0, 0, 0, 0, 0, 0, 0, 0, 0, 0, , 0, 0, FAY,
AL, 06, 2026092118,   , CHP6, 0, 337N,  318W,  75,  977, HU,   0, , 0, 0, 0, 0, 0, 0, 0, 0, 0, 0, 0, , 0, 0, FAY,
AL, 06, 2026092200,   , CHP6, 0, 332N,  321W,  82,  972, HU,   0, , 0, 0, 0, 0, 0, 0, 0, 0, 0, 0, 0, , 0, 0, FAY,
AL, 06, 2026092206,   , CHP6, 0, 327N,  325W,  89,  966, HU,   0, , 0, 0, 0, 0, 0, 0, 0, 0, 0, 0, 0, , 0, 0, FAY,
AL, 06, 2026092212,   , CHP6, 0, 322N,  332W,  97,  959, HU,   0, , 0, 0, 0, 0, 0, 0, 0, 0, 0, 0, 0, , 0, 0, FAY,
AL, 06, 2026092218,   , CHP6, 0, 316N,  340W, 102,  954, HU,   0, , 0, 0, 0, 0, 0, 0, 0, 0, 0, 0, 0, , 0, 0, FAY,
AL, 06, 2026092300,   , CHP6, 0, 310N,  350W, 104,  956, HU,   0, , 0, 0, 0, 0, 0, 0, 0, 0, 0, 0, 0, , 0, 0, FAY,
AL, 06, 2026092306,   , CHP6, 0, 305N,  364W, 118,  944, HU,   0, , 0, 0, 0, 0, 0, 0, 0, 0, 0, 0, 0, , 0, 0, FAY,
AL, 06, 2026092312,   , CHP6, 0, 301N,  376W, 122,  936, HU,   0, , 0, 0, 0, 0, 0, 0, 0, 0, 0, 0, 0, , 0, 0, FAY,
AL, 06, 2026092318,   , CHP6, 0, 297N,  387W, 113,  945, HU,   0, , 0, 0, 0, 0, 0, 0, 0, 0, 0, 0, 0, , 0, 0, FAY,
AL, 06, 2026092400,   , CHP6, 0, 295N,  395W, 114,  943, HU,   0, , 0, 0, 0, 0, 0, 0, 0, 0, 0, 0, 0, , 0, 0, FAY,
AL, 06, 2026092406,   , CHP6, 0, 294N,  403W, 124,  930, HU,   0, , 0, 0, 0, 0, 0, 0, 0, 0, 0, 0, 0, , 0, 0, FAY,
AL, 06, 2026092412,   , CHP6, 0, 293N,  412W, 125,  931, HU,   0, , 0, 0, 0, 0, 0, 0, 0, 0, 0, 0, 0, , 0, 0, FAY,
AL, 06, 2026092418,   , CHP6, 0, 292N,  420W, 127,  929, HU,   0, , 0, 0, 0, 0, 0, 0, 0, 0, 0, 0, 0, , 0, 0, FAY,
AL, 06, 2026092500,   , CHP6, 0, 290N,  429W, 114,  943, HU,   0, , 0, 0, 0, 0, 0, 0, 0, 0, 0, 0, 0, , 0, 0, FAY,
AL, 06, 2026092506,   , CHP6, 0, 288N,  437W, 111,  945, HU,   0, , 0, 0, 0, 0, 0, 0, 0, 0, 0, 0, 0, , 0, 0, FAY,
AL, 06, 2026092512,   , CHP6, 0, 286N,  444W,  97,  956, HU,   0, , 0, 0, 0, 0, 0, 0, 0, 0, 0, 0, 0, , 0, 0, FAY,
AL, 06, 2026092518,   , CHP6, 0, 283N,  448W,  99,  974, HU,   0, , 0, 0, 0, 0, 0, 0, 0, 0, 0, 0, 0, , 0, 0, FAY,
AL, 06, 2026092600,   , CHP6, 0, 279N,  452W, 106,  952, HU,   0, , 0, 0, 0, 0, 0, 0, 0, 0, 0, 0, 0, , 0, 0, FAY,
AL, 06, 2026092606,   , CHP6, 0, 274N,  455W, 112,  943, HU,   0, , 0, 0, 0, 0, 0, 0, 0, 0, 0, 0, 0, , 0, 0, FAY,
AL, 06, 2026092612,   , CHP6, 0, 268N,  456W,  96,  957, HU,   0, , 0, 0, 0, 0, 0, 0, 0, 0, 0, 0, 0, , 0, 0, FAY,
AL, 06, 2026092618,   , CHP6, 0, 261N,  458W,  93,  960, HU,   0, , 0, 0, 0, 0, 0, 0, 0, 0, 0, 0, 0, , 0, 0, FAY,
AL, 06, 2026092700,   , CHP6, 0, 254N,  461W,  95,  963, HU,   0, , 0, 0, 0, 0, 0, 0, 0, 0, 0, 0, 0, , 0, 0, FAY,
AL, 06, 2026092706,   , CHP6, 0, 247N,  466W,  99,  966, HU,   0, , 0, 0, 0, 0, 0, 0, 0, 0, 0, 0, 0, , 0, 0, FAY,
AL, 06, 2026092712,   , CHP6, 0, 244N,  471W, 126,  928, HU,   0, , 0, 0, 0, 0, 0, 0, 0, 0, 0, 0, 0, , 0, 0, FAY,
AL, 06, 2026092718,   , CHP6, 0, 241N,  477W, 136,  919, HU,   0, , 0, 0, 0, 0, 0, 0, 0, 0, 0, 0, 0, , 0, 0, FAY,
AL, 06, 2026092800,   , CHP6, 0, 239N,  484W, 129,  932, HU,   0, , 0, 0, 0, 0, 0, 0, 0, 0, 0, 0, 0, , 0, 0, FAY,
AL, 06, 2026092806,   , CHP6, 0, 237N,  494W, 114,  943, HU,   0, , 0, 0, 0, 0, 0, 0, 0, 0, 0, 0, 0, , 0, 0, FAY,
AL, 06, 2026092812,   , CHP6, 0, 235N,  504W, 136,  918, HU,   0, , 0, 0, 0, 0, 0, 0, 0, 0, 0, 0, 0, , 0, 0, FAY,
AL, 06, 2026092818,   , CHP6, 0, 233N,  514W, 145,  905, HU,   0, , 0, 0, 0, 0, 0, 0, 0, 0, 0, 0, 0, , 0, 0, FAY,
AL, 06, 2026092900,   , CHP6, 0, 230N,  522W, 127,  926, HU,   0, , 0, 0, 0, 0, 0, 0, 0, 0, 0, 0, 0, , 0, 0, FAY,
AL, 06, 2026092906,   , CHP6, 0, 227N,  531W, 108,  949, HU,   0, , 0, 0, 0, 0, 0, 0, 0, 0, 0, 0, 0, , 0, 0, FAY,
AL, 06, 2026092912,   , CHP6, 0, 225N,  541W,  82,  973, HU,   0, , 0, 0, 0, 0, 0, 0, 0, 0, 0, 0, 0, , 0, 0, FAY,
AL, 06, 2026092918,   , CHP6, 0, 222N,  552W,  63,  982, TS,   0, , 0, 0, 0, 0, 0, 0, 0, 0, 0, 0, 0, , 0, 0, FAY,
AL, 06, 2026093000,   , CHP6, 0, 219N,  565W,  51,  991, TS,   0, , 0, 0, 0, 0, 0, 0, 0, 0, 0, 0, 0, , 0, 0, FAY,
AL, 06, 2026093006,   , CHP6, 0, 217N,  579W,  40,  994, TS,   0, , 0, 0, 0, 0, 0, 0, 0, 0, 0, 0, 0, , 0, 0, FAY,
AL, 06, 2026093012,   , CHP6, 0, 215N,  595W,  28,  997, TD,   0, , 0, 0, 0, 0, 0, 0, 0, 0, 0, 0, 0, , 0, 0, FAY,
AL, 06, 2026093018,   , CHP6, 0, 214N,  610W,  22,  998, DB,   0, , 0, 0, 0, 0, 0, 0, 0, 0, 0, 0, 0, , 0, 0, FAY,
AL, 06, 2026100100,   , CHP6, 0, 213N,  625W,  17,  999, DB,   0, , 0, 0, 0, 0, 0, 0, 0, 0, 0, 0, 0, , 0, 0, FAY,
